"Timestamp","Station","AirTemperature","AirTemperature","RelativeHumidity","Precipitation","WindSpeed2m","WindSpeed2m","SoilTemperature5cm","SoilTemperature5cm","SoilTemperature10cm","SoilTemperature10cm","SolarRadiation","ETo","ETo"
"","","max","min","avg","total","avg","max","max","min","max","min","total","grass","alfalfa"
"","","°C","°C","%","mm","m/s","m/s","°C","°C","°C","°C","MJ/m²","mm","mm"
"2017-09-01","Scandia",23.8,15.4,77.6,0,1.3,5.7,24.6,20.4,24.2,20.9,8.3,2.17,2.68
"2017-09-02","Scandia",30.4,13.4,77.2,0,1.1,5.8,31.3,18.8,29.8,19.2,21.6,4.21,4.99
"2017-09-03","Scandia",33.9,13.3,68.3,0,1.5,5.3,31.9,19.6,30.5,20.3,21.8,5.02,6.47
"2017-09-04","Scandia",27.7,14.5,68.0,0,1.9,7.6,29.0,20.9,28.2,21.7,19.1,4.37,5.72
"2017-09-05","Scandia",22.2,6.4,61.4,0,1.7,7.9,28.5,17.2,26.9,18.2,23.7,4.06,5.24
"2017-09-06","Scandia",23.7,4.7,62.8,0,1.1,6.1,28.9,15.5,27.0,16.1,24.0,3.82,4.75
"2017-09-07","Scandia",29.3,5.4,56.1,0,1.3,4.9,29.4,16.0,27.5,16.4,23.0,4.41,5.73
"2017-09-08","Scandia",31.9,14.5,49.7,0,1.6,6.6,30.3,19.1,28.7,19.4,21.3,4.97,6.63
"2017-09-09","Scandia",28.1,14.9,52.2,0.51,2.3,7.1,27.0,19.9,26.2,20.4,15.6,4.54,6.39
"2017-09-10","Scandia",27.9,16.1,64.5,0.25,2.1,7.5,26.0,19.5,24.7,19.9,9.3,3.53,5.04
"2017-09-11","Scandia",29.8,13.2,57.6,0,1.4,5.9,30.1,18.5,28.4,18.8,21.3,4.45,5.75
"2017-09-12","Scandia",28.6,10.7,68.5,0,0.6,3.6,29.0,18.7,27.9,19.3,19.1,3.31,3.84
"2017-09-13","Scandia",33.0,10.4,56.2,0,1.5,5.6,30.3,18.5,28.7,19.1,19.7,4.67,6.32
"2017-09-14","Scandia",34.8,17.2,39.1,0,2.7,10.7,30.1,20.5,29.0,21.0,18.9,6.47,9.55
"2017-09-15","Scandia",33.7,19.2,53.1,0,3.0,13.8,30.2,21.7,29.2,22.2,18.3,6.23,9.09
"2017-09-16","Scandia",25.2,14.2,72.2,3.81,2.3,7.1,29.9,19.9,28.8,21.6,15.5,3.36,4.35
"2017-09-17","Scandia",19.7,9.2,71.8,0.25,2.4,7.3,22.0,16.2,21.6,17.1,11.9,2.70,3.67
"2017-09-18","Scandia",26.9,17.1,83.9,13.46,1.8,6.2,27.0,19.6,25.6,19.4,12.3,2.91,3.69
"2017-09-19","Scandia",33.2,17.4,65.2,0,3.1,9.5,27.5,19.3,26.1,19.3,19.8,5.49,7.61
"2017-09-20","Scandia",28.1,14.5,52.6,0,2.1,7.4,28.7,18.0,27.1,18.6,21.2,4.76,6.55
"2017-09-21","Scandia",34.6,17.1,63.0,0,3.1,9.6,30.3,19.3,28.8,19.5,20.0,5.80,8.15
"2017-09-22","Scandia",35.0,22.9,57.1,0,3.7,9.2,30.9,22.7,29.6,23.2,18.6,6.50,9.44
"2017-09-23","Scandia",32.5,21.4,56.6,0,3.1,9.2,30.4,22.3,29.5,22.9,18.0,5.60,7.98
"2017-09-24","Scandia",30.2,17.4,71.1,5.84,2.5,9.4,28.5,21.1,27.8,22.2,13.5,4.03,5.63
"2017-09-25","Scandia",17.6,11.8,96.6,34.29,2.0,6.6,21.1,17.1,22.2,17.3,2.3,0.72,0.79
"2017-09-26","Scandia",16.0,10.2,85.3,0,1.6,5.9,20.3,15.8,19.1,15.7,9.0,1.69,2.09
"2017-09-27","Scandia",22.3,8.0,71.9,0,0.7,4.5,23.7,14.4,21.6,14.3,16.7,2.57,3.12
"2017-09-28","Scandia",25.3,6.2,65.6,0,0.8,4.9,23.9,13.5,21.6,13.2,18.9,2.96,3.72
"2017-09-29","Scandia",26.4,9.8,56.3,0,1.2,6.1,23.5,15.8,21.2,15.3,15.6,3.16,4.23
"2017-09-30","Scandia",26.0,15.2,53.4,0,2.9,8.7,22.4,17.0,20.6,16.3,17.9,4.51,6.46
"2017-10-01","Scandia",26.1,17.2,52.7,0,4.6,13.2,21.8,17.1,20.1,16.4,12.1,4.97,7.58
"2017-10-02","Scandia",27.7,19.0,58.4,0,3.7,9.5,21.9,18.3,20.5,17.6,5.3,3.89,6.03
"2017-10-03","Scandia",23.3,15.1,73.8,0,2.8,11.5,20.5,18.0,19.8,17.5,3.9,2.07,3.01
"2017-10-04","Scandia",17.2,12.1,83.3,3.05,2.2,8.2,19.2,16.3,17.9,15.8,7.8,1.72,2.25
"2017-10-05","Scandia",24.2,13.6,95.7,2.03,1.5,5.2,22.2,17.1,20.5,16.3,3.5,1.18,1.48
"2017-10-06","Scandia",22.8,12.5,92.7,23.88,1.9,10.1,22.9,17.4,21.4,17.5,4.1,1.26,1.60
"2017-10-07","Scandia",23.7,11.0,69.0,1.02,2.4,8.4,22.3,15.4,20.4,15.3,17.0,3.66,5.22
"2017-10-08","Scandia",26.8,8.7,61.8,0,1.2,6.8,23.4,13.5,20.9,12.9,17.5,3.13,4.22
"2017-10-09","Scandia",14.0,3.5,60.5,3.30,4.6,11.9,16.3,11.0,16.1,10.3,5.5,2.38,3.65
"2017-10-10","Scandia",11.5,0.3,73.9,0.25,1.9,7.2,16.0,9.9,13.4,9.1,7.9,1.67,2.36
"2017-10-11","Scandia",18.6,-2.4,67.0,0,1.3,6.2,18.3,7.6,15.0,6.4,17.9,2.42,3.30
"2017-10-12","Scandia",24.8,7.2,70.1,0,2.5,8.7,20.5,11.2,17.5,9.6,17.0,3.36,4.75
"2017-10-13","Scandia",16.3,12.2,81.6,0,2.3,6.9,17.9,15.0,15.8,13.6,5.8,1.46,1.95
"2017-10-14","Scandia",19.5,8.3,81.1,0,2.7,10.8,19.2,13.1,16.8,12.6,5.5,1.76,2.50
"2017-10-15","Scandia",17.1,2.1,60.5,0,1.7,6.4,18.5,9.7,15.5,8.5,16.8,2.56,3.64
"2017-10-16","Scandia",23.5,-0.6,55.8,0,2.4,9.1,16.7,6.3,15.2,7.2,16.6,3.81,5.85
"2017-10-17","Scandia",23.9,5.4,56.7,0,1.6,5.3,17.8,6.5,17.1,8.8,16.3,2.96,4.25
"2017-10-18","Scandia",24.9,5.3,63.1,0,1.5,6.6,17.1,6.7,17.3,9.6,14.2,2.81,4.02
"2017-10-19","Scandia",27.2,2.6,60.5,0,1.5,6.4,18.1,5.9,18.4,9.4,15.5,3.13,4.56
"2017-10-20","Scandia",25.1,13.4,63.4,0,4.3,13.0,18.1,10.2,18.9,13.1,12.2,3.95,6.02
"2017-10-21","Scandia",21.3,5.8,62.2,0,4.5,12.4,18.3,10.3,19.2,13.7,8.9,3.70,5.83
"2017-10-22","Scandia",20.9,-1.4,53.8,0,1.4,7.3,16.9,5.6,17.8,9.6,15.7,2.59,3.86
"2017-10-23","Scandia",19.3,3.5,40.3,0,3.6,12.1,15.5,6.5,16.8,10.2,11.8,3.89,6.18
"2017-10-24","Scandia",15.7,-0.1,42.0,0,3.8,11.8,14.7,5.9,15.3,9.5,15.3,3.42,5.38
"2017-10-25","Scandia",25.2,-0.2,43.4,0,1.5,6.3,17.7,4.9,17.4,7.4,14.7,3.06,4.73
"2017-10-26","Scandia",17.8,1.8,47.6,0,4.3,13.6,14.8,7.3,15.2,9.6,12.6,3.50,5.52
"2017-10-27","Scandia",5.3,-7.6,49.5,0,3.5,9.9,10.5,1.3,11.7,5.9,14.7,1.76,2.67
"2017-10-28","Scandia",11.1,-10.6,39.0,0,1.2,6.6,9.4,-1.6,11.0,3.1,14.9,1.74,2.64
"2017-10-29","Scandia",23.6,-3.8,45.0,0,2.4,9.3,13.0,-0.6,14.3,4.3,13.4,3.60,5.75
"2017-10-30","Scandia",9.8,-6.5,42.6,0,3.7,11.6,9.7,0,12.6,6.1,12.9,2.43,3.83
"2017-10-31","Scandia",-0.6,-8.6,81.9,0,1.8,5.9,0.4,-1.8,6.1,3.5,2.8,0.64,0.89
"2017-11-01","Scandia",12.8,-1.9,71.7,0,1.9,6.1,7.6,-1.8,10.3,3.4,8.2,1.50,2.20
"2017-11-02","Scandia",13.2,1.6,69.7,0,3.2,9.9,9.1,2.0,12.2,7.0,11.0,2.01,3.04
"2017-11-03","Scandia",6.6,-2.3,70.7,0,1.9,6.5,4.0,-0.8,8.2,4.8,6.2,1.10,1.58
"2017-11-04","Scandia",10.2,-1.4,80.9,0,1.3,5.4,5.7,0,9.7,5.4,4.9,0.93,1.26
"2017-11-05","Scandia",10.1,-1.2,60.6,0,2.9,8.3,7.7,0.8,11.3,6.6,9.6,1.94,3.01
"2017-11-06","Scandia",8.5,-4.1,51.7,0,2.1,5.9,7.2,-1.6,10.4,4.3,12.3,1.69,2.60
"2017-11-07","Scandia",6.0,-5.5,51.8,0,2.4,8.0,3.9,-1.6,8.1,4.7,7.2,1.58,2.46
"2017-11-08","Scandia",10.7,-9.0,55.8,0,1.7,7.1,5.6,-3.6,9.0,2.3,12.6,1.63,2.53
"2017-11-09","Scandia",5.0,-6.2,60.1,0,2.5,8.2,3.7,-3.1,7.5,3.0,10.7,1.35,2.06
"2017-11-10","Scandia",4.8,-6.3,47.9,0,2.8,7.5,1.5,-3.2,5.6,2.3,5.4,1.42,2.22
"2017-11-11","Scandia",7.7,2.3,89.5,0.51,1.5,6.6,2.8,-0.3,7.4,4.7,1.9,0.87,1.21
"2017-11-12","Scandia",11.5,-3.8,78.7,0,1.4,5.0,7.2,-0.9,10.9,5.6,10.4,1.18,1.71
"2017-11-13","Scandia",8.5,-5.3,90.5,0.25,2.0,6.3,2.7,-2.0,7.7,4.0,3.1,0.60,0.78
"2017-11-14","Scandia",12.7,7.9,94.6,0,2.0,6.3,5.5,2.7,10.3,7.7,2.0,0.65,0.80
"2017-11-15","Scandia",13.8,-2.2,60.4,0,2.4,7.5,7.4,-0.2,11.4,6.3,11.8,1.94,3.07
"2017-11-16","Scandia",14.7,-2.3,58.2,0,2.9,8.8,5.6,-2.5,9.7,3.7,10.8,2.18,3.49
"2017-11-17","Scandia",20.9,6.2,68.0,0,3.1,9.2,10.7,2.5,14.5,7.9,10.8,2.60,4.12
"2017-11-18","Scandia",11.1,-2.9,65.6,1.27,4.5,11.9,5.2,-1.8,10.4,5.0,9.8,2.28,3.68
"2017-11-19","Scandia",14.5,-7.9,54.8,0,2.1,8.8,4.5,-3.9,8.6,2.4,11.2,2.10,3.43
"2017-11-20","Scandia",14.7,0.1,41.5,0,2.6,8.3,4.6,-2.5,9.0,3.6,9.4,2.40,3.92
"2017-11-21","Scandia",7.9,-12.0,44.8,0,3.3,11.8,3.7,-3.8,8.3,3.0,10.7,2.03,3.32
"2017-11-22","Scandia",10.0,-12.6,54.0,0,2.0,7.9,0.9,-5.5,5.7,1.2,10.2,1.59,2.56
"2017-11-23","Scandia",21.8,-1.9,51.9,0,1.4,5.8,6.9,-3.5,11.0,2.9,10.3,1.92,3.10
"2017-11-24","Scandia",26.9,4.4,49.4,0,3.2,14.1,8.5,0.7,12.8,7.1,8.6,4.31,7.20
"2017-11-25","Scandia",16.3,-1.9,59.5,0,1.1,4.8,6.5,-1.9,11.3,5.2,10.6,1.25,1.95
"2017-11-26","Scandia",18.1,0.8,58.2,0,1.5,5.5,6.2,-1.2,11.1,5.5,9.7,1.65,2.64
"2017-11-27","Scandia",22.8,1.6,53.6,0,3.0,9.6,7.4,-0.8,12.2,5.9,10.2,3.25,5.42
"2017-11-28","Scandia",14.2,0.1,45.0,0,3.6,10.8,5.5,-0.8,11.1,6.8,8.6,2.67,4.40
"2017-11-29","Scandia",9.5,-8.0,54.7,0,1.3,6.0,2.4,-4.3,8.1,3.2,5.8,1.20,1.89
"2017-11-30","Scandia",13.0,-4.3,46.2,0,1.7,4.8,3.9,-4.5,8.8,2.8,10.1,1.60,2.64
"2017-12-01","Scandia",15.5,-7.2,53.1,0,1.7,8.2,3.8,-4.8,8.8,2.3,9.9,1.69,2.77
"2017-12-02","Scandia",16.1,-5.2,51.8,0,0.9,4.0,3.8,-4.5,8.8,2.6,9.8,1.16,1.90
"2017-12-03","Scandia",18.8,-4.1,68.6,0,2.0,9.0,4.9,-4.1,9.8,2.9,7.7,1.62,2.56
"2017-12-04","Scandia",16.7,-4.6,53.5,0,6.6,15.0,4.9,-3.4,10.4,4.6,7.5,3.43,5.62
"2017-12-05","Scandia",8.4,-8.9,38.3,0,4.1,10.8,0.5,-5.9,6.0,1.5,10.0,2.36,3.92
"2017-12-06","Scandia",7.9,-7.8,54.0,0,4.6,12.3,0.7,-5.5,6.2,2.0,8.9,2.04,3.34
"2017-12-07","Scandia",-1.7,-13.5,56.9,0,2.5,6.6,-4.6,-7.3,2.1,0.1,10.0,0.96,1.55
"2017-12-08","Scandia",5.6,-10.4,63.4,0,2.2,8.1,-3.1,-7.3,2.1,-0.3,7.3,1.04,1.66
"2017-12-09","Scandia",8.8,-4.2,55.4,0,2.6,7.6,0.2,-6.0,5.1,0.5,9.6,1.52,2.51
"2017-12-10","Scandia",17.8,-3.7,29.4,0,2.4,8.4,3.1,-5.9,7.7,0.9,9.5,2.74,4.69
"2017-12-11","Scandia",12.5,-2.5,37.5,0,5.0,13.9,2.5,-4.9,7.4,2.1,7.4,3.14,5.21
"2017-12-12","Scandia",9.8,-7.0,62.1,0,1.7,6.2,1.5,-5.4,6.6,1.9,9.3,1.15,1.88
"2017-12-13","Scandia",13.8,-2.5,42.1,0,3.8,12.3,3.1,-5.0,8.0,2.1,9.0,2.62,4.39
"2017-12-14","Scandia",6.0,-3.7,74.5,0,2.6,5.8,-0.4,-4.3,5.3,2.5,4.2,1.08,1.67
"2017-12-15","Scandia",11.3,-8.9,63.2,0,2.9,9.0,-0.4,-6.5,4.9,0.7,9.4,1.80,2.99
"2017-12-16","Scandia",11.9,-7.0,48.3,0,1.4,4.5,1.6,-6.1,6.4,1.0,9.5,1.20,1.99
"2017-12-17","Scandia",6.8,-6.1,71.2,0.25,1.5,5.7,0.8,-5.4,6.3,2.2,7.7,0.79,1.23
"2017-12-18","Scandia",12.7,-7.0,67.8,0,2.1,9.2,0.7,-6.5,5.8,0.5,9.2,1.49,2.46
"2017-12-19","Scandia",10.3,-6.0,59.7,0,2.4,8.4,0.9,-6.2,5.9,0.9,9.2,1.46,2.41
"2017-12-20","Scandia",8.2,-5.5,57.5,0,2.1,6.0,-0.5,-6.2,5.1,0.9,4.6,1.21,1.92
"2017-12-21","Scandia",6.7,-6.7,85.5,0,3.6,9.8,-0.7,-6.1,5.4,1.2,1.1,0.85,1.28
"2017-12-22","Scandia",0.2,-10.7,76.2,0,2.3,6.6,-2.3,-6.8,3.2,0.4,7.6,0.62,0.96
"2017-12-23","Scandia",-4.6,-8.2,67.2,0,2.4,6.6,-5.7,-7.1,0.4,-0.2,6.9,0.59,0.90
"2017-12-24","Scandia",-5.6,-15.7,74.6,0.25,2.4,6.3,-5.9,-6.7,0.4,0,10.0,0.50,0.77
"2017-12-25","Scandia",-8.4,-14.7,68.4,0,2.8,9.4,-6.2,-8.5,0.1,-0.8,5.7,0.51,0.78
"2017-12-26","Scandia",-13.5,-18.4,68.1,0,2.8,8.2,-7.8,-10.0,-0.8,-2.5,5.7,0.39,0.59
"2017-12-27","Scandia",-10.0,-24.3,66.7,0,2.2,7.0,-9.3,-11.6,-2.5,-3.7,3.9,0.39,0.59
"2017-12-28","Scandia",-1.6,-11.3,64.9,0.76,1.8,6.3,-6.1,-10.2,-0.8,-3.3,8.5,0.59,0.92
"2017-12-29","Scandia",-0.9,-13.5,80.7,0,2.7,8.3,-6.9,-10.2,-1.2,-3.3,3.3,0.55,0.82
"2017-12-30","Scandia",-13.4,-17.1,66.6,0,3.1,7.2,-9.2,-12.3,-2.8,-4.9,6.3,0.42,0.64
"2017-12-31","Scandia",-16.6,-24.2,67.3,0,2.6,7.3,-10.2,-15.0,-4.1,-7.2,9.7,0.28,0.41
"2018-01-01","Scandia",-13.1,-25.3,65.0,0,0.8,4.6,-8.8,-16.1,-3.4,-8.5,9.1,0.24,0.35
"2018-01-02","Scandia",-4.0,-22.9,56.5,0,2.5,8.8,-8.6,-15.2,-3.1,-7.9,9.6,0.76,1.22
"2018-01-03","Scandia",-2.2,-13.5,68.7,0,1.9,6.9,-6.5,-10.9,-1.4,-4.3,6.8,0.56,0.85
"2018-01-04","Scandia",4.1,-15.9,66.1,0,1.4,7.4,-6.3,-12.4,-1.2,-5.4,9.2,0.84,1.34
"2018-01-05","Scandia",-3.1,-14.2,69.2,0,2.3,6.3,-7.0,-11.6,-1.8,-4.6,8.6,0.69,1.08
"2018-01-06","Scandia",-1.1,-15.3,62.2,0,1.7,6.5,-7.4,-12.7,-2.0,-5.7,7.5,0.68,1.06
"2018-01-07","Scandia",8.7,-4.2,64.9,0,1.5,5.7,-5.0,-8.7,-0.6,-2.5,5.3,0.96,1.45
"2018-01-08","Scandia",11.6,-10.0,65.4,0,1.6,6.5,-3.8,-9.4,-0.2,-2.5,9.2,1.21,1.94
"2018-01-09","Scandia",13.2,-0.5,55.1,0,2.5,9.5,-2.2,-6.6,1.3,-0.5,7.0,1.79,2.89
"2018-01-10","Scandia",15.7,-0.7,73.3,0,2.8,9.1,-0.3,-6.7,3.2,-0.4,8.0,1.85,2.97
"2018-01-11","Scandia",2.9,-14.7,65.3,0,5.8,12.4,-4.2,-10.3,1.4,-2.2,9.8,1.20,1.93
"2018-01-12","Scandia",-9.8,-17.2,59.0,0,2.6,5.8,-8.1,-11.8,-2.0,-4.0,6.1,0.56,0.87
"2018-01-13","Scandia",-8.9,-13.3,65.7,0,1.8,4.8,-7.9,-11.0,-2.0,-4.1,5.0,0.43,0.62
"2018-01-14","Scandia",2.7,-10.1,85.9,2.79,2.2,6.8,-7.1,-9.8,-1.1,-3.1,8.6,0.62,0.90
"2018-01-15","Scandia",-0.3,-17.5,62.9,0,4.8,11.3,-7.0,-10.6,-1.1,-3.5,10.0,1.00,1.60
"2018-01-16","Scandia",-9.8,-20.7,68.8,0,2.2,7.1,-8.9,-12.0,-2.9,-5.0,10.8,0.41,0.61
"2018-01-17","Scandia",0.6,-21.6,65.9,0,2.0,6.8,-8.2,-12.6,-2.5,-5.6,11.0,0.90,1.43
"2018-01-18","Scandia",7.8,-13.9,61.2,0,1.8,5.5,-6.4,-11.1,-1.1,-4.3,9.7,1.23,1.95
"2018-01-19","Scandia",10.4,-3.4,54.0,0,1.9,6.6,-4.6,-8.9,-0.4,-2.3,8.6,1.49,2.36
"2018-01-20","Scandia",10.7,-7.3,82.0,0,1.1,5.8,-2.2,-8.7,0.4,-1.6,7.3,0.83,1.18
"2018-01-21","Scandia",5.3,0.6,97.5,0,3.0,7.4,-3.4,-6.5,1.2,-0.3,2.3,0.39,0.45
"2018-01-22","Scandia",2.1,-4.2,69.8,1.27,5.9,14.7,-5.2,-6.4,0.5,-0.3,2.9,M,M
"2018-01-23","Scandia",4.5,-14.3,77.5,0,2.0,6.4,-6.4,-6.8,-0.3,-0.3,10.5,0.86,1.29
"2018-01-24","Scandia",10.9,-9.2,62.6,0,1.9,8.5,-6.4,-8.0,-0.3,-0.8,11.6,1.54,2.45
"2018-01-25","Scandia",18.0,-6.4,40.5,0,2.9,9.3,-5.2,-7.6,-0.2,-0.7,11.9,3.17,5.26
"2018-01-26","Scandia",13.6,-1.7,49.3,0,4.5,11.4,0.2,-6.4,4.1,-0.2,11.3,3.05,4.98
"2018-01-27","Scandia",10.9,-7.9,58.1,0,1.6,7.4,-4.5,-7.5,0.1,-0.3,12.1,1.52,2.39
"2018-01-28","Scandia",0.2,-10.7,66.0,0,2.8,7.3,-6.5,-8.9,-0.3,-0.7,8.3,0.94,1.43
"2018-01-29","Scandia",0.8,-15.4,63.8,0,1.3,4.6,-6.5,-11.0,-0.5,-3.0,11.1,0.78,1.14
"2018-01-30","Scandia",11.3,-6.7,44.6,0,3.6,10.0,-5.6,-9.0,-0.4,-1.9,9.8,2.43,3.92
"2018-01-31","Scandia",9.0,0.2,53.7,0,1.9,6.9,-1.5,-6.6,1.2,-0.4,8.0,1.48,2.25
"2018-02-01","Scandia",3.0,-14.1,51.8,0,3.0,10.2,-6.5,-8.2,-0.3,-0.3,11.6,1.45,2.28
"2018-02-02","Scandia",5.1,-15.4,46.8,0,2.9,9.9,-6.3,-10.3,-0.3,-2.4,12.6,1.62,2.56
"2018-02-03","Scandia",14.8,-2.9,42.4,0,3.4,10.0,-2.7,-7.5,0.4,-0.8,10.2,2.85,4.59
"2018-02-04","Scandia",-1.9,-20.9,68.6,0,3.5,9.7,-6.5,-10.3,-0.2,-2.5,10.6,0.86,1.30
"2018-02-05","Scandia",-5.5,-19.9,68.2,0,2.9,8.3,-7.5,-10.9,-1.3,-3.5,10.0,0.63,0.92
"2018-02-06","Scandia",-11.2,-16.1,75.4,0,1.5,5.8,-7.9,-11.0,-1.5,-3.8,6.2,0.38,0.50
"2018-02-07","Scandia",-5.9,-22.2,73.4,2.03,1.0,5.0,-7.5,-9.1,-1.2,-2.3,8.6,0.46,0.61
"2018-02-08","Scandia",1.6,-16.0,74.7,0,1.2,6.2,-7.1,-8.7,-0.9,-2.1,12.6,0.79,1.07
"2018-02-09","Scandia",-5.5,-13.6,77.0,0,4.7,11.5,-7.6,-11.2,-1.0,-3.8,10.6,0.63,0.91
"2018-02-10","Scandia",-11.8,-15.4,75.7,0,2.9,7.7,-9.5,-12.1,-3.0,-4.8,8.2,0.43,0.59
"2018-02-11","Scandia",-4.9,-18.4,77.7,0.76,1.2,3.5,-7.7,-9.5,-1.5,-3.0,15.4,0.62,0.78
"2018-02-12","Scandia",-4.0,-17.6,70.3,0,2.2,7.7,-7.5,-9.1,-1.3,-2.5,13.6,0.70,0.95
"2018-02-13","Scandia",9.8,-4.7,68.4,0,2.0,6.6,-5.4,-7.9,-0.4,-1.5,14.7,1.52,2.15
"2018-02-14","Scandia",9.7,-1.6,76.1,0,1.2,4.3,-4.0,-6.7,0.1,-0.4,9.0,1.12,1.48
"2018-02-15","Scandia",10.2,-3.9,69.2,0,3.1,9.9,-1.5,-6.6,2.8,-0.2,9.1,1.79,2.71
"2018-02-16","Scandia",1.0,-10.5,50.9,0,2.7,9.4,-5.9,-8.1,-0.1,-0.3,15.1,1.43,2.12
"2018-02-17","Scandia",12.0,-7.9,44.8,0,2.3,8.2,-2.3,-8.2,0.8,-0.5,15.8,2.37,3.64
"2018-02-18","Scandia",16.0,-0.9,51.5,0,5.0,14.2,1.2,-6.7,5.2,-0.3,11.4,3.20,5.03
"2018-02-19","Scandia",8.4,-8.4,80.8,0,3.8,9.7,-2.6,-7.6,2.9,-0.3,4.5,1.05,1.54
"2018-02-20","Scandia",-4.5,-11.9,69.7,0,4.0,8.9,-6.7,-9.3,-0.3,-1.3,15.3,0.99,1.41
"2018-02-21","Scandia",-2.2,-15.6,54.4,0,2.7,6.2,-6.8,-11.9,-0.6,-3.8,12.9,1.14,1.68
"2018-02-22","Scandia",-1.9,-6.6,89.6,0.76,1.8,5.0,-6.9,-7.6,-0.5,-0.9,4.9,0.50,0.60
"2018-02-23","Scandia",2.7,-9.7,81.3,1.78,1.9,6.2,-5.4,-8.5,-0.3,-1.3,15.4,1.05,1.34
"2018-02-24","Scandia",0.8,-5.6,85.8,1.27,2.5,7.2,-6.7,-7.4,-0.3,-0.4,5.6,0.81,1.10
"2018-02-25","Scandia",9.6,-8.8,53.4,0,2.1,7.0,-5.1,-10.2,-0.3,-2.4,14.8,2.13,3.19
"2018-02-26","Scandia",16.0,-6.9,44.7,0,2.9,11.1,-2.7,-8.2,0.5,-0.7,17.4,3.40,5.28
"2018-02-27","Scandia",21.9,1.3,41.9,0,3.5,10.7,4.0,-6.8,6.9,-0.3,17.3,4.73,7.47
"2018-02-28","Scandia",6.6,-1.3,80.9,0.25,3.2,7.5,-2.6,-6.0,3.4,1.2,3.3,1.07,1.55
"2018-03-01","Scandia",11.4,-6.2,44.6,0,1.9,5.8,3.0,-7.0,7.3,0.1,18.3,2.41,3.53
"2018-03-02","Scandia",18.1,-1.7,37.0,0,4.2,11.5,4.4,-6.4,9.1,0.6,17.9,4.41,6.91
"2018-03-03","Scandia",22.5,5.7,53.6,0,4.6,10.8,8.0,-2.8,12.7,4.1,17.9,4.74,7.29
"2018-03-04","Scandia",22.9,8.1,64.7,0,4.9,11.6,9.0,0.1,13.8,7.3,13.9,4.15,6.31
"2018-03-05","Scandia",14.5,1.4,46.0,0,7.8,16.9,4.5,-1.9,11.3,6.0,16.7,4.18,6.52
"2018-03-06","Scandia",3.7,-4.8,54.3,0,7.4,16.7,-1.5,-5.7,6.1,2.3,8.1,2.13,3.32
"2018-03-07","Scandia",8.6,-9.4,50.8,0,3.5,10.8,2.5,-6.8,7.6,0.8,19.0,2.57,3.84
"2018-03-08","Scandia",8.7,-12.9,49.0,0,1.2,6.2,1.9,-7.5,7.1,0.4,18.0,1.80,2.47
"2018-03-09","Scandia",16.4,-2.1,39.5,0,2.2,6.7,6.5,-6.2,11.1,1.3,19.4,3.29,4.85
"2018-03-10","Scandia",17.3,-3.6,51.9,0,2.8,9.8,4.7,-4.5,9.9,3.2,10.6,3.19,4.90
"2018-03-11","Scandia",2.2,-7.8,69.8,0,3.9,10.3,-1.2,-5.8,6.4,2.6,6.7,1.10,1.59
"2018-03-12","Scandia",11.1,-10.7,54.3,0,1.7,5.3,4.4,-7.4,9.2,0.5,19.8,2.34,3.29
"2018-03-13","Scandia",11.4,-8.3,42.6,0,1.6,5.8,5.4,-6.6,10.3,1.2,20.8,2.49,3.50
"2018-03-14","Scandia",20.6,-8.2,30.6,0,2.9,11.8,6.5,-6.8,11.4,1.0,20.4,4.46,6.84
"2018-03-15","Scandia",23.2,5.0,34.2,0,2.6,10.4,9.1,-2.3,14.2,5.2,19.2,4.59,6.88
"2018-03-16","Scandia",15.4,0.1,72.6,0.25,4.2,11.1,4.4,-1.5,11.2,6.8,6.6,2.71,4.17
"2018-03-17","Scandia",7.5,-5.7,72.9,0,2.5,8.2,4.3,-3.4,10.2,4.8,11.5,1.57,2.15
"2018-03-18","Scandia",8.4,-7.9,81.7,0.25,2.3,9.7,0,-6.2,6.7,2.2,6.7,1.26,1.76
"2018-03-19","Scandia",3.9,-0.2,90.2,20.32,4.4,9.2,-2.1,-4.6,5.5,3.1,3.8,0.74,0.99
"2018-03-20","Scandia",5.2,-2.9,79.1,0,2.7,6.5,-0.2,-4.9,6.4,3.1,9.4,1.33,1.80
"2018-03-21","Scandia",15.3,-5.8,65.6,0,1.6,6.1,4.6,-5.9,9.7,1.7,21.5,2.84,3.85
"2018-03-22","Scandia",21.7,1.9,53.8,0,1.8,6.5,7.6,-4.0,12.8,3.7,21.2,3.68,5.06
"2018-03-23","Scandia",23.1,6.2,59.6,0,3.3,12.0,7.7,-0.7,13.6,7.0,18.9,4.11,5.83
"2018-03-24","Scandia",9.0,0.8,76.8,0,3.7,8.1,3.3,-2.6,11.0,5.5,6.3,1.47,2.08
"2018-03-25","Scandia",9.9,0.2,71.0,0,2.3,7.8,2.4,-3.6,8.6,4.3,9.9,1.79,2.44
"2018-03-26","Scandia",5.2,2.5,91.8,4.32,2.5,6.7,-0.7,-2.2,6.9,5.5,2.6,0.79,1.03
"2018-03-27","Scandia",11.3,-0.9,72.4,0,1.6,7.2,2.7,-3.6,9.3,4.2,15.1,2.07,2.65
"2018-03-28","Scandia",14.4,-3.3,72.9,0,1.6,7.8,4.3,-5.0,10.0,3.0,11.9,2.19,2.99
"2018-03-29","Scandia",9.8,0.6,63.3,0,3.1,8.8,4.2,-3.0,10.3,4.9,16.6,2.66,3.72
"2018-03-30","Scandia",16.3,-5.5,52.6,0,2.9,10.6,5.1,-5.4,10.9,2.8,21.4,3.71,5.37
"2018-03-31","Scandia",9.9,-1.2,51.3,0,4.6,11.4,2.2,-3.3,9.2,5.3,17.9,2.91,4.20
"2018-04-01","Scandia",-1.0,-6.6,73.0,0,2.8,9.1,-3.3,-6.0,5.3,2.2,7.7,1.22,1.72
"2018-04-02","Scandia",9.0,-7.0,76.5,0,3.0,7.9,0.8,-6.5,6.9,1.2,15.9,2.10,2.89
"2018-04-03","Scandia",4.4,-6.4,65.8,0,5.4,15.2,1.6,-5.4,8.0,3.1,19.2,2.21,3.15
"2018-04-04","Scandia",12.2,-11.5,47.3,0,3.0,10.4,1.4,-6.9,7.4,1.1,23.1,3.27,4.72
"2018-04-05","Scandia",18.5,-4.2,40.3,0,2.2,8.7,7.1,-5.4,12.5,2.6,23.6,3.96,5.56
"2018-04-06","Scandia",5.4,-8.6,62.9,0,4.5,13.5,0.3,-5.9,8.5,2.3,7.7,1.76,2.63
"2018-04-07","Scandia",5.0,-13.9,47.6,0,1.4,5.2,2.7,-6.9,8.4,1.1,24.7,2.13,2.74
"2018-04-08","Scandia",12.0,-2.0,50.0,0,3.6,10.7,2.3,-4.3,8.6,3.4,13.8,2.83,4.11
"2018-04-09","Scandia",7.1,-7.3,62.2,0,3.0,8.4,2.0,-4.6,8.2,3.7,14.3,1.97,2.72
"2018-04-10","Scandia",23.1,-7.5,50.5,0,2.3,11.5,6.7,-6.3,12.2,1.9,22.3,4.71,6.84
"2018-04-11","Scandia",26.1,4.6,43.8,0,2.0,7.8,6.8,-1.4,13.2,6.5,14.0,4.29,6.22
"2018-04-12","Scandia",28.3,6.2,49.8,0,2.7,10.0,9.9,0.5,15.9,8.4,20.0,5.45,7.85
"2018-04-13","Scandia",22.3,1.0,72.3,0,4.8,11.8,10.3,1.8,16.2,10.4,17.5,3.92,5.61
"2018-04-14","Scandia",1.1,-4.5,83.3,0,3.6,12.1,1.8,-4.5,10.4,3.9,7.1,0.99,1.32
"2018-04-15","Scandia",-0.6,-6.0,72.9,0,5.5,10.8,-3.7,-6.1,3.9,2.3,12.1,1.27,1.76
"2018-04-16","Scandia",13.2,-3.5,55.0,0,2.0,7.4,5.1,-5.9,11.0,2.0,26.6,3.46,4.53
"2018-04-17","Scandia",18.6,1.2,50.2,0,3.6,13.0,M,M,M,M,23.9,4.53,6.40
"2018-04-18","Scandia",11.0,-2.8,59.2,0,6.0,14.4,M,M,M,M,16.4,3.26,4.84
"2018-04-19","Scandia",14.8,-5.1,54.2,0,1.6,5.7,M,M,M,M,26.8,3.45,4.43
"2018-04-20","Scandia",15.6,2.1,43.1,2.03,2.6,9.6,M,M,M,M,13.9,3.35,4.78
"2018-04-21","Scandia",8.4,5.3,85.2,11.43,1.9,6.0,M,M,M,M,3.4,1.10,1.44
"2018-04-22","Scandia",15.2,3.3,68.5,0,2.6,7.3,M,M,M,M,12.2,2.73,3.76
"2018-04-23","Scandia",22.5,2.3,50.2,0,0.9,4.4,M,M,M,M,27.1,4.06,4.90
"2018-04-24","Scandia",18.3,3.0,78.1,1.78,3.4,11.2,M,M,M,M,10.1,3.14,4.58
"2018-04-25","Scandia",11.8,1.9,79.6,4.32,2.9,7.8,M,M,M,M,10.5,2.09,2.83
"2018-04-26","Scandia",20.4,-0.9,61.5,0,2.6,11.4,18.3,4.1,14.2,6.5,24.2,4.48,6.16
"2018-04-27","Scandia",26.4,-0.7,42.7,0,2.8,9.5,22.4,5.2,17.2,7.7,28.0,6.26,8.96
"2018-04-28","Scandia",20.4,2.5,43.5,0,1.9,6.0,24.0,8.4,18.6,10.4,28.3,4.74,6.23
"2018-04-29","Scandia",27.0,8.1,45.8,0,4.7,12.1,23.1,11.1,18.5,12.2,22.4,6.71,9.88
"2018-04-30","Scandia",27.8,16.1,51.6,0,5.9,13.2,24.4,15.1,20.2,15.0,22.4,7.35,10.83
"2018-05-01","Scandia",27.6,12.9,71.8,0.51,4.4,11.2,24.4,16.8,20.5,16.8,13.2,4.64,6.70
"2018-05-02","Scandia",21.6,11.1,88.4,6.60,2.4,8.9,21.0,14.2,18.0,15.3,8.1,2.15,2.78
"2018-05-03","Scandia",22.2,10.9,86.3,0.25,3.0,9.1,20.8,14.2,17.9,14.7,12.9,2.91,3.76
"2018-05-04","Scandia",26.5,7.2,53.3,0,2.2,7.6,27.5,11.1,22.2,13.0,27.5,5.76,7.73
"2018-05-05","Scandia",29.6,8.5,41.4,0,2.4,9.3,27.9,12.7,23.0,14.6,27.3,6.57,9.10
"2018-05-06","Scandia",30.7,8.5,43.6,0,2.0,9.7,28.7,14.2,23.5,15.9,23.0,5.89,8.12
"2018-05-07","Scandia",29.2,9.9,43.7,0,2.4,7.7,29.3,15.3,24.6,16.8,28.0,6.35,8.54
"2018-05-08","Scandia",28.8,14.3,51.2,0,2.3,8.3,28.5,18.3,24.6,18.9,21.3,5.40,7.22
"2018-05-09","Scandia",30.7,13.3,47.8,0,2.9,8.5,29.9,17.3,25.3,18.5,26.7,7.06,9.81
"2018-05-10","Scandia",30.6,11.4,49.9,0,2.3,8.0,31.5,17.7,26.8,19.0,28.2,6.36,8.34
"2018-05-11","Scandia",23.7,11.2,68.6,0,4.4,13.0,26.0,19.1,23.9,20.2,19.8,4.83,6.69
"2018-05-12","Scandia",25.0,11.2,79.6,0,4.1,9.8,26.9,18.1,23.4,18.9,21.5,4.88,6.58
"2018-05-13","Scandia",28.3,10.7,76.4,6.10,2.8,8.4,29.3,16.9,25.0,17.9,23.1,5.17,6.73
"2018-05-14","Scandia",25.6,13.9,78.6,1.27,2.7,10.7,26.6,17.5,23.0,18.5,16.6,3.98,5.16
"2018-05-15","Scandia",26.3,13.1,67.3,0,1.8,7.1,29.3,17.6,25.0,18.6,21.3,4.57,5.71
"2018-05-16","Scandia",29.0,9.9,59.0,0,1.0,4.7,33.3,16.4,27.9,18.2,28.8,5.30,6.29
"2018-05-17","Scandia",29.4,11.2,55.2,0,2.1,8.8,32.6,18.7,28.0,20.2,29.0,6.16,7.89
"2018-05-18","Scandia",26.0,15.3,66.6,2.03,2.5,9.6,25.2,20.2,24.5,21.3,12.7,3.74,5.02
"2018-05-19","Scandia",20.6,12.4,84.9,8.13,2.8,8.0,23.9,17.2,22.2,19.0,16.4,3.09,3.77
"2018-05-20","Scandia",14.4,11.4,89.3,0,2.3,5.4,17.2,15.1,19.0,16.4,4.3,1.15,1.39
"2018-05-21","Scandia",25.0,10.8,66.8,0,1.9,6.8,29.8,14.3,24.8,15.6,28.5,5.14,6.19
"2018-05-22","Scandia",31.2,15.8,61.0,0,3.3,9.5,32.1,18.3,27.1,19.2,27.2,6.89,9.19
"2018-05-23","Scandia",32.0,18.7,58.4,0,3.4,9.4,32.2,21.0,28.2,21.7,26.4,7.18,9.68
"2018-05-24","Scandia",29.8,17.9,60.2,0,2.9,7.9,31.2,21.7,27.6,22.5,25.3,6.17,8.01
"2018-05-25","Scandia",33.6,16.5,51.3,0,2.9,9.3,34.0,21.3,29.8,22.4,29.6,7.70,10.31
"2018-05-26","Scandia",36.5,16.8,51.6,0,1.7,7.9,35.7,22.3,31.4,23.5,30.0,7.30,9.35
"2018-05-27","Scandia",35.8,17.3,47.5,0,3.1,9.7,34.2,23.2,30.6,24.4,29.2,8.48,11.69
"2018-05-28","Scandia",33.5,16.5,56.9,0,2.7,10.5,33.9,23.6,30.1,24.8,23.2,6.80,9.29
"2018-05-29","Scandia",29.2,14.1,57.5,28.96,2.1,17.1,30.4,20.1,27.6,21.4,17.0,M,M
"2018-05-30","Scandia",30.3,15.0,65.4,0,2.5,9.8,26.8,18.5,25.0,20.5,30.7,6.78,8.64
"2018-05-31","Scandia",31.4,17.2,63.9,0,1.1,6.7,28.8,20.1,26.0,21.2,21.2,4.83,5.78
"2018-06-01","Scandia",34.6,15.7,66.6,0,3.2,10.1,32.3,19.5,28.4,21.1,28.3,7.43,9.83
"2018-06-02","Scandia",26.0,14.2,65.2,21.08,3.4,11.0,26.2,19.1,26.3,21.5,30.0,6.33,8.23
"2018-06-03","Scandia",28.1,10.5,53.3,0,0.8,7.4,28.7,16.0,25.7,18.7,31.3,5.47,6.29
"2018-06-04","Scandia",27.5,16.8,54.7,0.25,2.4,7.4,24.3,18.5,22.9,20.0,19.3,5.17,6.87
"2018-06-05","Scandia",32.5,16.0,60.5,0,2.0,6.9,32.8,17.6,28.2,19.3,30.6,6.82,8.48
"2018-06-06","Scandia",34.3,19.8,62.9,0,2.3,7.6,34.2,21.9,29.4,22.9,23.7,6.42,8.30
"2018-06-07","Scandia",28.6,17.2,65.9,12.95,2.0,13.0,28.8,20.7,26.5,22.2,21.1,4.85,5.98
"2018-06-08","Scandia",32.4,17.2,66.2,0,1.5,6.6,29.4,20.6,26.8,22.0,27.4,5.96,7.07
"2018-06-09","Scandia",34.7,17.6,59.7,0,2.6,9.2,31.7,21.0,28.2,22.2,27.3,7.23,9.47
"2018-06-10","Scandia",36.4,21.9,52.1,0,3.3,9.3,34.0,22.7,30.2,23.7,28.6,8.69,11.86
"2018-06-11","Scandia",34.1,20.2,60.2,0,2.7,8.3,35.2,24.6,31.3,25.4,26.9,7.10,9.20
"2018-06-12","Scandia",31.7,16.0,66.4,0,1.6,6.1,34.3,22.7,30.8,24.4,29.1,6.27,7.59
"2018-06-13","Scandia",25.9,18.5,63.4,0,2.5,8.9,26.5,23.5,27.8,24.8,13.2,3.81,5.01
"2018-06-14","Scandia",37.1,20.7,50.8,0,3.5,8.6,33.2,23.0,29.9,23.8,29.5,8.88,12.09
"2018-06-15","Scandia",36.6,23.7,42.7,0,4.0,10.2,33.5,25.0,30.4,25.7,29.3,9.75,13.72
"2018-06-16","Scandia",35.4,24.3,48.2,0,4.2,10.0,32.4,25.8,29.9,26.5,25.4,8.88,12.55
"2018-06-17","Scandia",32.6,23.4,60.4,3.81,2.9,12.8,29.9,25.0,28.3,26.1,16.3,5.54,7.54
"2018-06-18","Scandia",33.9,19.2,61.5,5.08,3.2,9.8,31.4,24.0,29.2,24.9,28.1,7.39,9.66
"2018-06-19","Scandia",33.1,16.8,79.7,86.61,1.8,14.7,32.2,20.0,29.2,21.6,22.8,5.48,6.73
"2018-06-20","Scandia",26.3,15.1,79.1,13.72,2.6,10.5,25.8,20.1,24.8,21.5,26.4,5.40,6.68
"2018-06-21","Scandia",23.0,14.5,75.1,0,3.5,11.4,21.7,19.2,22.8,20.8,15.7,3.83,5.05
"2018-06-22","Scandia",23.0,15.7,76.0,0,1.5,7.9,23.9,19.3,22.9,20.4,18.4,3.69,4.31
"2018-06-23","Scandia",29.7,14.5,70.9,0.76,1.5,5.8,27.3,19.8,25.3,20.7,28.5,5.79,6.88
"2018-06-24","Scandia",29.6,18.3,68.4,0,1.4,9.8,26.8,22.4,25.4,22.9,21.4,4.82,5.74
"2018-06-25","Scandia",24.8,17.0,81.2,16.26,2.1,7.4,24.4,20.8,24.1,21.7,20.8,4.27,5.07
"2018-06-26","Scandia",29.9,16.0,70.9,0,1.0,5.4,26.8,20.7,25.3,21.6,30.4,5.81,6.48
"2018-06-27","Scandia",34.2,18.3,75.3,0,1.6,6.9,28.5,22.4,26.7,23.1,29.8,6.45,7.46
"2018-06-28","Scandia",36.8,21.3,61.9,0,1.7,6.4,29.7,24.5,27.8,24.8,30.3,7.32,8.88
"2018-06-29","Scandia",34.8,24.3,53.9,0,3.7,10.5,27.9,24.3,26.8,24.8,29.1,8.73,11.86
"2018-06-30","Scandia",33.1,17.2,65.5,12.95,1.9,12.3,30.0,23.8,28.1,24.7,27.1,6.34,7.85
"2018-07-01","Scandia",28.0,16.2,74.0,3.81,1.4,6.7,28.7,21.7,27.0,23.1,29.7,5.72,6.58
"2018-07-02","Scandia",32.3,16.6,66.9,0,1.9,5.7,30.4,22.5,27.9,23.5,29.9,6.52,7.89
"2018-07-03","Scandia",35.0,21.1,64.0,0,2.1,7.1,31.8,24.3,29.1,24.8,27.7,6.97,8.73
"2018-07-04","Scandia",34.1,21.7,63.0,0,1.9,6.9,32.0,25.0,29.4,25.5,28.8,6.92,8.50
"2018-07-05","Scandia",28.6,20.2,70.5,0,1.7,8.0,29.1,23.9,27.7,25.0,23.1,5.02,5.89
"2018-07-06","Scandia",30.9,20.0,72.7,0,1.2,5.6,30.5,23.8,28.3,24.5,24.2,5.20,5.91
"2018-07-07","Scandia",32.2,18.7,64.2,0,1.6,5.1,32.6,23.4,29.8,24.5,29.5,6.39,7.59
"2018-07-08","Scandia",32.9,17.2,58.4,0,1.4,5.4,32.9,23.5,30.1,24.8,30.3,6.57,7.95
"2018-07-09","Scandia",33.7,15.5,59.9,0,0.8,3.8,34.0,23.6,30.9,24.9,30.1,6.03,6.94
"2018-07-10","Scandia",34.1,15.5,61.9,0,0.9,5.2,34.5,24.1,31.4,25.5,29.7,6.04,6.89
"2018-07-11","Scandia",34.7,21.1,58.4,0,1.5,6.8,34.8,26.2,31.9,27.0,29.0,6.70,8.02
"2018-07-12","Scandia",35.9,20.8,56.0,0,1.7,6.1,35.0,26.5,32.1,27.3,27.7,6.78,8.35
"2018-07-13","Scandia",34.4,19.8,72.9,7.37,1.2,17.1,35.1,26.1,31.8,27.3,21.1,5.12,6.11
"2018-07-14","Scandia",29.6,18.8,81.0,0.25,0.7,3.2,32.2,24.4,29.6,25.5,21.6,4.39,4.77
"2018-07-15","Scandia",31.1,20.9,77.0,0,0.7,3.6,32.1,24.9,29.6,25.8,21.3,4.53,4.95