"Timestamp","Station","AirTemperature","AirTemperature","RelativeHumidity","Precipitation","WindSpeed2m","WindSpeed2m","SoilTemperature5cm","SoilTemperature5cm","SoilTemperature10cm","SoilTemperature10cm","SolarRadiation","ETo","ETo"
"","","max","min","avg","total","avg","max","max","min","max","min","total","grass","alfalfa"
"","","°C","°C","%","mm","m/s","m/s","°C","°C","°C","°C","MJ/m²","mm","mm"
"2016-09-01","Scandia",26.3,12.8,76.2,0,1.0,4.9,22.8,13.5,24.9,18.1,22.5,3.92,4.54
"2016-09-02","Scandia",24.8,13.9,74.2,0,1.8,6.5,21.4,13.3,23.9,17.9,21.4,3.97,4.85
"2016-09-03","Scandia",26.5,15.4,76.4,8.64,2.5,7.9,19.5,13.6,22.5,18.2,9.2,2.79,3.75
"2016-09-04","Scandia",29.4,16.8,79.1,19.30,3.7,10.0,22.4,14.4,25.0,18.9,19.0,4.37,5.68
"2016-09-05","Scandia",31.5,22.2,68.5,0,3.8,10.2,24.2,17.6,26.4,21.5,20.8,5.72,7.73
"2016-09-06","Scandia",31.8,22.5,66.9,0,3.2,9.2,25.4,18.2,27.0,21.7,21.2,5.61,7.45
"2016-09-07","Scandia",30.1,20.2,84.0,1.27,1.5,6.3,25.0,19.1,26.4,22.1,12.5,3.07,3.72
"2016-09-08","Scandia",27.6,19.7,89.9,0,1.6,6.9,23.5,18.8,25.0,21.8,9.2,2.29,2.74
"2016-09-09","Scandia",27.1,13.3,84.3,0,2.0,9.0,22.0,14.9,23.8,19.1,10.2,2.56,3.26
"2016-09-10","Scandia",23.8,8.9,63.5,0,1.5,7.0,21.2,11.1,23.1,15.6,22.3,3.87,4.91
"2016-09-11","Scandia",26.6,10.7,63.3,0,2.5,8.9,19.8,10.5,22.2,15.2,21.4,4.57,6.16
"2016-09-12","Scandia",29.6,16.2,74.6,0,2.2,6.6,21.3,13.0,23.5,17.5,12.1,3.53,4.78
"2016-09-13","Scandia",16.6,12.3,97.4,5.84,2.2,7.5,14.9,11.4,19.4,16.2,4.2,1.03,1.21
"2016-09-14","Scandia",18.5,12.2,99.2,1.27,1.0,4.1,15.5,11.1,19.0,15.7,5.5,1.21,1.34
"2016-09-15","Scandia",28.8,16.0,84.6,9.40,2.5,15.1,21.3,13.9,23.9,18.2,14.3,3.56,4.69
"2016-09-16","Scandia",25.0,14.4,89.8,9.40,1.3,7.6,21.8,13.5,24.0,18.0,12.0,2.56,3.13
"2016-09-17","Scandia",29.1,10.7,71.3,0,0.8,5.1,22.3,11.6,24.3,16.4,20.2,3.54,4.33
"2016-09-18","Scandia",28.6,13.8,77.2,0,1.7,6.2,22.6,13.2,24.6,17.6,20.1,3.83,4.70
"2016-09-19","Scandia",31.5,17.1,74.7,0,1.0,4.9,25.1,14.7,26.4,18.8,20.2,3.95,4.76
"2016-09-20","Scandia",33.7,15.6,70.9,0,1.7,7.6,24.8,15.5,26.0,19.1,17.9,4.39,5.80
"2016-09-21","Scandia",31.8,22.1,67.0,0,2.8,7.8,23.4,18.6,24.8,21.4,10.8,4.12,5.89
"2016-09-22","Scandia",33.3,21.8,62.7,0,2.8,8.8,26.0,18.9,26.6,21.4,18.3,5.35,7.43
"2016-09-23","Scandia",31.4,17.4,60.7,0,2.7,8.7,23.9,16.8,24.7,19.6,19.1,5.16,7.25
"2016-09-24","Scandia",25.5,19.8,87.4,7.37,2.3,6.7,21.1,18.3,22.7,20.6,5.3,1.85,2.46
"2016-09-25","Scandia",23.7,6.9,59.4,0,1.9,8.2,20.2,11.3,21.7,15.8,18.0,3.63,5.03
"2016-09-26","Scandia",24.4,4.0,58.4,0,1.3,6.8,18.3,7.8,20.2,12.4,20.0,3.38,4.52
"2016-09-27","Scandia",28.0,6.3,62.6,0,0.8,5.7,19.9,8.2,21.7,12.9,19.7,3.20,4.06
"2016-09-28","Scandia",22.7,8.7,60.4,0,1.3,5.9,18.1,9.1,20.4,14.0,19.7,3.21,4.18
"2016-09-29","Scandia",21.5,4.5,74.7,0,0.7,4.5,18.0,6.5,20.2,11.7,19.3,2.52,2.98
"2016-09-30","Scandia",24.1,4.2,72.5,0,0.7,4.4,18.1,6.4,20.2,11.7,17.8,2.55,3.10
"2016-10-01","Scandia",24.6,6.9,70.0,0,0.7,4.5,18.3,7.8,20.2,12.9,17.3,2.59,3.16
"2016-10-02","Scandia",26.6,11.1,68.6,0,1.8,5.8,19.1,8.9,21.4,13.7,17.8,3.51,4.70
"2016-10-03","Scandia",26.9,13.7,64.3,0,3.7,11.0,17.4,11.0,20.2,15.6,11.1,4.21,6.36
"2016-10-04","Scandia",24.7,10.3,82.0,34.54,2.5,10.0,17.5,10.8,20.3,16.0,8.8,2.51,3.53
"2016-10-05","Scandia",24.4,7.3,69.4,0.25,1.1,4.8,16.9,7.8,19.5,12.9,18.3,2.91,3.78
"2016-10-06","Scandia",17.0,4.2,91.9,0,2.2,9.8,13.4,5.8,16.9,11.3,3.2,1.14,1.55
"2016-10-07","Scandia",19.4,-0.7,64.4,0,1.3,6.9,14.4,3.3,16.7,8.5,18.2,2.59,3.51
"2016-10-08","Scandia",24.7,3.3,56.6,0,1.9,9.3,13.3,4.0,16.0,9.0,17.7,3.70,5.45
"2016-10-09","Scandia",25.0,6.5,59.0,0,2.1,7.9,14.3,5.8,16.9,10.5,16.0,3.74,5.53
"2016-10-10","Scandia",21.3,10.7,70.1,12.70,2.4,7.5,13.3,8.4,16.5,12.8,9.7,2.47,3.49
"2016-10-11","Scandia",24.4,8.5,71.0,0,1.6,8.5,15.9,7.1,18.5,11.8,14.0,2.69,3.65
"2016-10-12","Scandia",12.2,-0.3,69.9,0,2.0,8.6,12.1,4.2,15.1,9.7,14.3,1.83,2.47
"2016-10-13","Scandia",15.4,-2.5,75.1,0.25,1.3,5.6,9.6,1.3,13.1,6.8,13.6,1.88,2.55
"2016-10-14","Scandia",21.3,4.6,84.9,0,2.2,6.8,11.7,3.0,15.0,8.5,9.6,2.05,2.83
"2016-10-15","Scandia",26.4,16.0,77.2,0,2.2,6.9,16.4,9.5,19.6,14.0,8.6,2.50,3.50
"2016-10-16","Scandia",29.0,15.6,83.4,0,2.0,7.7,16.8,10.6,20.0,15.4,8.5,2.87,4.14
"2016-10-17","Scandia",29.1,14.7,59.8,0,2.8,8.1,16.3,9.6,19.4,15.1,15.5,4.44,6.69
"2016-10-18","Scandia",22.6,9.1,47.8,0,1.9,6.9,14.7,6.6,17.9,12.2,15.8,3.13,4.61
"2016-10-19","Scandia",22.9,6.2,64.1,1.27,1.6,6.8,13.3,5.1,16.6,10.8,14.4,2.70,3.88
"2016-10-20","Scandia",15.9,2.8,77.5,0.25,1.3,5.5,12.2,4.6,15.4,10.8,13.6,1.73,2.27
"2016-10-21","Scandia",20.2,0.6,71.7,0,1.8,9.1,10.4,2.3,14.1,8.2,13.8,2.50,3.66
"2016-10-22","Scandia",25.2,0.6,62.9,0,1.6,7.4,11.8,2.1,15.2,8.0,15.6,2.96,4.42
"2016-10-23","Scandia",22.9,6.1,51.7,0,1.8,7.2,11.7,4.5,15.2,10.1,15.1,2.92,4.36
"2016-10-24","Scandia",20.7,4.4,62.6,0,1.7,6.9,11.6,2.8,14.9,8.6,13.5,2.37,3.42
"2016-10-25","Scandia",28.2,11.8,66.2,0,3.0,10.4,14.1,6.2,17.4,11.4,11.4,3.66,5.57
"2016-10-26","Scandia",23.6,9.5,67.3,0,1.4,5.6,14.8,7.3,18.2,13.2,13.4,2.31,3.21
"2016-10-27","Scandia",26.3,5.4,67.4,0,2.4,7.3,12.7,4.9,16.5,10.7,12.6,3.42,5.28
"2016-10-28","Scandia",28.4,14.5,67.0,0,3.0,10.9,14.5,8.6,18.1,13.8,9.0,3.52,5.41
"2016-10-29","Scandia",27.2,10.7,65.3,0,2.0,7.0,16.5,8.4,19.5,13.8,10.9,2.90,4.34
"2016-10-30","Scandia",17.0,7.8,74.7,0,2.1,7.1,12.9,6.7,16.5,12.4,11.1,1.81,2.54
"2016-10-31","Scandia",24.5,8.9,78.8,0,2.8,8.5,13.6,6.3,17.2,12.0,9.1,2.75,4.16
"2016-11-01","Scandia",23.0,9.7,58.2,0,2.5,8.9,12.3,6.4,16.4,12.2,9.2,2.62,3.97
"2016-11-02","Scandia",17.3,7.3,68.7,0.51,1.4,6.0,11.2,6.3,15.4,12.6,3.9,1.34,1.90
"2016-11-03","Scandia",24.5,2.9,59.9,0,0.9,4.8,13.5,3.2,16.6,9.4,13.6,1.90,2.78
"2016-11-04","Scandia",23.9,3.4,61.4,0,1.4,6.7,12.6,3.4,16.0,9.4,12.8,2.28,3.45
"2016-11-05","Scandia",22.1,4.9,66.1,0,1.4,6.7,12.3,4.1,15.9,10.0,9.8,2.01,2.99
"2016-11-06","Scandia",21.1,9.4,54.2,0,2.3,7.8,11.5,6.0,15.6,11.7,6.4,2.61,4.07
"2016-11-07","Scandia",13.0,10.4,100.0,8.64,1.5,6.4,8.9,7.3,13.8,12.7,1.9,0.79,1.01
"2016-11-08","Scandia",15.4,0.7,77.4,0,2.4,7.1,9.6,0.5,13.7,8.9,13.0,1.72,2.54
"2016-11-09","Scandia",15.6,-1.7,77.0,0,1.4,5.6,8.0,-0.5,11.8,5.8,13.3,1.53,2.25
"2016-11-10","Scandia",20.6,1.7,64.5,0,2.4,7.6,8.6,-0.2,12.3,5.7,13.2,2.70,4.31
"2016-11-11","Scandia",14.9,-3.0,64.9,0,2.5,8.9,6.3,-0.1,10.6,6.4,10.3,2.05,3.22
"2016-11-12","Scandia",12.8,-6.2,74.5,0,1.7,7.6,5.4,-2.4,9.4,3.7,12.9,1.46,2.22
"2016-11-13","Scandia",18.4,-0.7,72.1,0,2.1,8.2,7.2,-2.0,10.9,3.9,12.5,1.93,2.98
"2016-11-14","Scandia",20.8,2.2,66.1,0,1.3,4.7,9.2,0.5,12.6,6.2,11.2,1.74,2.66
"2016-11-15","Scandia",23.7,-0.9,65.3,0,0.6,3.1,10.0,0,13.2,5.9,12.0,1.28,1.87
"2016-11-16","Scandia",26.4,2.9,48.3,0,3.4,10.8,10.1,1.8,13.7,7.4,11.3,4.20,6.94
"2016-11-17","Scandia",18.8,5.8,64.5,0,2.4,8.9,8.6,4.2,12.8,9.8,6.9,2.14,3.37
"2016-11-18","Scandia",6.7,-4.4,72.7,0.51,5.6,12.9,4.2,-2.4,9.8,4.1,7.6,1.48,2.33
"2016-11-19","Scandia",7.8,-7.1,63.0,0,1.5,5.9,2.9,-3.8,6.8,2.2,11.9,1.09,1.68
"2016-11-20","Scandia",11.5,-4.1,58.1,0,2.0,6.8,4.4,-3.1,7.8,2.6,11.0,1.55,2.47
"2016-11-21","Scandia",12.9,-4.7,64.8,0,1.8,7.8,3.8,-2.8,7.6,3.0,5.3,1.49,2.33
"2016-11-22","Scandia",12.0,4.1,91.6,6.10,3.3,8.8,5.3,2.2,9.7,7.2,2.0,1.34,2.03
"2016-11-23","Scandia",6.0,-1.7,86.2,0,2.4,7.9,3.2,-1.9,7.9,4.1,3.8,0.72,1.01
"2016-11-24","Scandia",4.0,-0.5,99.1,0.25,2.0,6.6,1.0,-1.6,5.8,4.1,1.1,0.43,0.52
"2016-11-25","Scandia",12.5,-4.1,77.1,0,1.4,5.6,3.1,-3.3,6.9,2.2,11.2,1.19,1.87
"2016-11-26","Scandia",16.0,-1.5,67.2,0,2.1,7.3,3.4,-3.2,7.2,2.3,9.2,1.70,2.71
"2016-11-27","Scandia",14.4,4.2,81.7,2.54,4.0,13.1,5.5,-0.9,9.7,4.4,1.1,1.86,2.93
"2016-11-28","Scandia",13.9,0.2,62.6,0,3.2,9.3,4.2,-2.2,7.9,3.6,10.1,2.22,3.64
"2016-11-29","Scandia",7.2,-2.8,64.2,0,3.3,9.5,0.2,-3.3,4.7,2.2,6.4,1.47,2.34
"2016-11-30","Scandia",4.2,-4.7,67.3,0,3.8,11.2,-1.0,-3.7,3.5,1.7,5.6,1.32,2.09
"2016-12-01","Scandia",7.6,-7.3,67.4,0,1.3,4.6,-1.8,-4.6,2.4,0.7,9.9,0.89,1.40
"2016-12-02","Scandia",18.3,-34.8,68.5,0,0.8,4.7,-2.7,-4.9,1.5,0.5,2.4,M,M
"2016-12-03","Scandia",-0.1,-4.3,92.1,6.10,0.3,3.0,-3.5,-4.1,1.4,0.9,1.3,0.37,0.40
"2016-12-04","Scandia",5.2,-1.0,87.8,8.38,0.9,4.5,-2.8,-3.6,1.9,1.4,8.6,0.48,0.62
"2016-12-05","Scandia",11.8,-1.5,68.8,0,2.9,10.4,1.2,-3.8,5.0,1.1,9.4,1.56,2.52
"2016-12-06","Scandia",3.2,-7.5,56.3,0,2.0,7.1,-2.5,-3.8,2.8,1.2,10.0,1.07,1.75
"2016-12-07","Scandia",-2.9,-11.3,62.4,0.25,2.5,8.1,-3.8,-4.3,1.2,0.7,6.8,0.74,1.15
"2016-12-08","Scandia",-3.2,-14.2,62.0,0.25,2.4,7.5,-4.3,-5.9,0.7,-0.2,9.9,0.69,1.10
"2016-12-09","Scandia",-4.4,-14.5,69.9,0,1.7,6.6,-5.2,-6.4,-0.2,-0.9,2.9,0.49,0.73
"2016-12-10","Scandia",2.8,-8.1,64.9,0,2.5,7.8,-4.6,-6.4,-0.3,-1.1,5.6,0.93,1.46
"2016-12-11","Scandia",-0.3,-11.1,72.8,0,2.2,10.2,-4.6,-6.6,-0.3,-1.0,4.3,0.68,1.04
"2016-12-12","Scandia",3.9,-12.6,65.6,0,2.7,9.9,-4.6,-7.2,-0.4,-1.7,7.9,1.07,1.72
"2016-12-13","Scandia",-3.7,-13.4,55.5,0,1.9,7.9,-5.0,-8.3,-0.8,-2.7,9.6,0.69,1.10
"2016-12-14","Scandia",-3.5,-13.2,47.3,0,1.8,6.8,-5.7,-8.7,-1.3,-3.3,4.4,0.80,1.26
"2016-12-15","Scandia",-1.6,-7.6,39.0,0,2.5,8.7,-5.2,-7.1,-1.0,-2.3,6.6,1.12,1.81
"2016-12-16","Scandia",-0.8,-5.4,89.1,0,2.5,6.8,-4.9,-6.6,-0.7,-1.9,0.9,0.78,1.16
"2016-12-17","Scandia",-5.4,-22.2,73.9,0,3.8,8.6,-5.7,-11.8,-1.0,-5.9,2.5,0.50,0.77
"2016-12-18","Scandia",-9.8,-24.6,69.1,0,1.8,6.4,-9.6,-13.8,-4.9,-7.9,10.0,0.34,0.51
"2016-12-19","Scandia",-1.5,-17.2,69.6,0,3.0,9.4,-7.5,-12.9,-3.3,-7.5,9.5,0.66,1.05
"2016-12-20","Scandia",8.4,-9.3,67.5,0,1.1,5.1,-5.0,-9.6,-0.9,-4.6,8.0,0.75,1.17
"2016-12-21","Scandia",10.5,-5.9,63.2,0,2.0,8.7,-4.9,-7.3,-0.6,-2.4,7.5,1.48,2.43
"2016-12-22","Scandia",5.7,-6.6,67.2,0,1.6,5.3,-4.8,-7.7,-0.6,-2.6,5.5,0.88,1.37
"2016-12-23","Scandia",7.3,-4.7,76.4,1.02,2.7,8.0,-4.7,-4.8,-0.4,-0.6,6.3,0.98,1.53
"2016-12-24","Scandia",8.5,-10.5,82.9,0,1.3,6.5,-4.7,-7.2,-0.4,-1.8,9.6,0.70,1.07
"2016-12-25","Scandia",16.4,1.0,86.8,6.86,4.3,18.9,-1.5,-4.9,0.4,-0.5,1.2,2.18,3.49
"2016-12-26","Scandia",4.8,-4.5,60.3,0,2.8,9.5,-4.6,-4.7,-0.2,-0.2,9.5,1.16,1.89
"2016-12-27","Scandia",8.2,-7.3,68.4,0,2.2,8.8,-4.6,-4.9,-0.2,-0.2,9.5,1.22,2.00
"2016-12-28","Scandia",10.5,-4.4,63.9,0,1.7,8.2,-4.7,-4.9,-0.2,-0.3,6.7,1.33,2.14
"2016-12-29","Scandia",8.0,-4.4,43.2,0,3.9,9.9,-4.7,-5.7,-0.2,-0.3,9.8,2.18,3.65
"2016-12-30","Scandia",11.5,-6.2,55.4,0,2.2,8.6,-4.8,-7.1,-0.3,-1.5,9.9,1.58,2.64
"2016-12-31","Scandia",4.1,-7.6,60.4,0,1.6,5.3,-4.7,-6.3,-0.3,-1.0,9.7,0.87,1.40
"2017-01-01","Scandia",5.0,-8.2,66.7,0,1.6,6.7,-4.8,-7.4,-0.4,-1.9,4.6,0.85,1.30
"2017-01-02","Scandia",5.9,-2.9,91.4,0,2.3,8.8,-4.7,-4.8,-0.3,-0.4,1.7,0.71,1.02
"2017-01-03","Scandia",-2.8,-11.8,58.6,0,3.9,10.8,-4.7,-8.8,-0.3,-2.7,9.6,0.92,1.48
"2017-01-04","Scandia",-8.4,-13.2,65.8,0,2.4,6.3,-6.7,-9.6,-1.9,-3.6,5.3,0.49,0.73
"2017-01-05","Scandia",-9.5,-20.6,68.0,0,2.3,8.5,-6.4,-9.3,-1.8,-3.7,7.1,0.44,0.67
"2017-01-06","Scandia",-6.7,-22.4,69.0,0,1.3,5.8,-7.3,-10.4,-2.6,-4.9,10.1,0.42,0.63
"2017-01-07","Scandia",-5.8,-18.6,70.5,0.25,1.3,5.1,-7.1,-10.5,-2.7,-5.2,10.2,0.40,0.59
"2017-01-08","Scandia",2.7,-14.2,68.4,0,3.1,11.1,-5.5,-9.8,-1.4,-4.6,9.5,1.08,1.73
"2017-01-09","Scandia",7.8,-8.6,63.7,0,2.6,8.6,-5.0,-8.8,-0.7,-3.7,7.1,1.36,2.17
"2017-01-10","Scandia",8.7,-0.7,63.9,0,3.0,12.7,-4.8,-5.0,-0.4,-0.7,10.1,1.44,2.32
"2017-01-11","Scandia",4.1,-10.1,58.5,0,3.1,10.7,-4.8,-8.5,-0.4,-2.7,9.4,1.17,1.87
"2017-01-12","Scandia",-4.2,-14.1,60.3,0,2.3,6.9,-6.6,-10.5,-2.2,-4.9,6.1,0.70,1.09
"2017-01-13","Scandia",-3.2,-9.6,55.5,0,2.1,6.6,-6.1,-9.5,-1.8,-4.3,4.8,0.76,1.17
"2017-01-14","Scandia",1.7,-5.4,48.0,0,0.7,2.8,-5.1,-7.1,-0.7,-2.3,5.1,0.63,0.89
"2017-01-15","Scandia",-0.7,-2.6,86.9,0,0.5,3.1,-4.8,-5.3,-0.4,-0.8,1.3,0.48,0.59
"2017-01-16","Scandia",0.2,-1.0,95.1,20.32,0,0,-4.8,-4.9,-0.3,-0.5,2.3,0.38,0.38
"2017-01-17","Scandia",4.4,-3.2,82.4,4.06,0.6,4.0,-4.8,-4.8,-0.3,-0.3,11.2,0.52,0.64
"2017-01-18","Scandia",11.9,-3.4,80.2,0,1.4,5.5,-4.7,-4.8,-0.3,-0.3,9.6,0.97,1.42
"2017-01-19","Scandia",6.2,1.5,96.3,0.51,1.2,4.0,-3.9,-4.8,-0.2,-0.3,1.8,0.49,0.57
"2017-01-20","Scandia",6.1,2.4,98.9,1.27,0.9,3.5,-2.4,-4.0,0.7,-0.2,1.4,0.39,0.40
"2017-01-21","Scandia",11.5,-1.7,88.0,0,1.2,4.7,1.1,-5.0,2.9,-0.2,11.2,0.92,1.29
"2017-01-22","Scandia",7.6,-3.4,79.7,0,1.9,7.7,-0.9,-4.7,2.2,-0.2,11.7,1.01,1.50
"2017-01-23","Scandia",11.1,-4.9,79.4,0,1.5,6.3,-1.7,-4.7,1.7,-0.2,11.3,1.18,1.78
"2017-01-24","Scandia",7.4,-0.3,83.3,0,2.8,8.0,-1.3,-4.7,2.1,-0.2,5.0,1.02,1.51
"2017-01-25","Scandia",-0.1,-6.2,74.3,0,5.2,10.5,-4.6,-4.7,0.1,-0.1,5.6,0.95,1.46
"2017-01-26","Scandia",2.6,-6.7,66.2,0,3.5,9.0,-4.7,-4.8,0,0,11.7,1.23,1.91
"2017-01-27","Scandia",7.0,-5.2,59.3,0,4.4,11.3,-4.8,-5.6,0,-0.1,11.9,2.04,3.26
"2017-01-28","Scandia",8.4,-2.1,59.3,0,4.6,11.0,-4.8,-5.3,-0.1,-0.1,8.2,2.05,3.27
"2017-01-29","Scandia",13.1,-0.6,60.1,0,3.4,10.5,-4.5,-4.8,-0.1,-0.1,11.7,2.30,3.66
"2017-01-30","Scandia",18.4,-3.2,54.4,0,1.9,8.0,-2.5,-4.8,1.0,-0.1,11.8,2.38,3.83
"2017-01-31","Scandia",9.9,-3.2,59.3,0,1.4,5.5,0.1,-4.6,3.3,0.3,9.7,1.35,2.02
"2017-02-01","Scandia",1.1,-6.6,64.1,0,3.4,8.0,-3.6,-4.5,1.5,0.5,4.4,1.08,1.66
"2017-02-02","Scandia",-1.8,-8.8,58.1,0,1.7,6.2,-4.5,-4.7,0.5,0.2,11.5,0.88,1.27
"2017-02-03","Scandia",0.2,-6.9,66.9,0,1.6,5.2,-4.7,-4.8,0.2,0.1,11.7,0.88,1.24
"2017-02-04","Scandia",14.4,-4.7,50.8,0,3.9,11.5,-4.7,-6.0,0.1,-0.1,13.1,2.89,4.63
"2017-02-05","Scandia",8.4,-4.8,65.1,0,1.5,4.5,-4.8,-4.8,0,-0.1,12.7,1.27,1.83
"2017-02-06","Scandia",6.4,-4.3,93.7,0.25,0.8,2.7,-3.9,-4.8,0.5,0,3.5,0.58,0.69
"2017-02-07","Scandia",4.2,-5.4,79.1,0,2.9,7.9,-1.0,-4.6,2.4,0.3,8.4,1.08,1.58
"2017-02-08","Scandia",-2.5,-10.1,62.5,0,3.0,8.1,-4.4,-5.1,0.6,0.1,12.8,1.02,1.51
"2017-02-09","Scandia",3.3,-10.9,53.4,0,2.5,7.9,-4.8,-6.2,0.2,-0.2,12.3,1.35,2.04
"2017-02-10","Scandia",22.6,-0.9,49.8,0,1.9,7.4,-3.5,-5.1,-0.1,-0.2,11.7,2.93,4.62
"2017-02-11","Scandia",19.0,2.7,61.5,0,2.6,7.6,4.4,-4.6,6.8,-0.1,11.5,2.67,4.12
"2017-02-12","Scandia",10.3,-4.5,46.4,0,2.3,7.9,3.4,-3.7,6.5,1.9,14.5,2.17,3.36
"2017-02-13","Scandia",8.1,-4.8,58.3,0,2.0,8.2,-0.7,-4.2,3.5,1.1,5.9,1.47,2.21
"2017-02-14","Scandia",12.7,-2.9,59.0,0,2.5,7.7,2.9,-4.3,5.7,0.9,14.2,2.32,3.54
"2017-02-15","Scandia",15.8,-5.5,53.6,0,2.1,6.6,3.2,-4.3,6.0,0.9,15.3,2.52,3.87
"2017-02-16","Scandia",23.0,-2.0,42.4,0,2.5,8.6,5.5,-4.0,8.0,1.3,14.6,3.85,6.15
"2017-02-17","Scandia",22.1,1.7,47.6,0,2.3,7.5,6.9,-2.9,9.4,2.7,16.0,3.47,5.41
"2017-02-18","Scandia",21.2,-2.8,58.2,0,1.6,6.0,7.7,-3.1,10.1,2.7,15.1,2.55,3.77
"2017-02-19","Scandia",18.2,5.9,78.9,0,2.6,8.4,8.4,0.9,11.4,6.0,14.0,2.12,2.91
"2017-02-20","Scandia",20.4,1.3,71.0,0,3.1,8.1,10.5,2.6,13.4,8.7,9.3,3.06,4.75
"2017-02-21","Scandia",24.5,-4.3,53.0,0,2.2,9.4,9.1,-1.7,11.8,4.5,16.5,3.97,6.26
"2017-02-22","Scandia",25.2,5.1,38.7,0,2.5,6.8,10.2,0.7,12.5,6.2,14.4,4.16,6.55
"2017-02-23","Scandia",8.4,-0.5,78.5,4.32,4.5,10.0,3.5,-1.0,8.7,4.9,6.3,1.60,2.40
"2017-02-24","Scandia",-0.3,-7.7,81.7,0,4.3,10.7,-1.0,-3.5,4.9,2.2,9.7,0.92,1.30
"2017-02-25","Scandia",6.3,-12.0,62.7,0,2.5,8.5,-1.3,-4.1,3.0,1.3,16.3,1.77,2.59
"2017-02-26","Scandia",10.6,-4.7,46.8,0,1.9,7.0,3.8,-4.0,6.7,1.3,17.6,2.27,3.33
"2017-02-27","Scandia",14.8,-6.1,61.8,0,2.1,10.1,3.0,-4.1,6.3,1.3,13.1,2.23,3.27
"2017-02-28","Scandia",11.0,0.6,67.1,0,2.6,7.3,3.9,-2.5,7.3,3.1,9.3,1.70,2.42
"2017-03-01","Scandia",10.4,-6.2,48.0,0,3.8,11.5,3.3,-3.6,6.7,2.1,17.9,2.95,4.52
"2017-03-02","Scandia",11.8,-8.7,49.3,0,2.3,8.8,3.7,-4.2,6.4,1.3,17.4,2.43,3.58
"2017-03-03","Scandia",17.5,-5.4,45.5,0,2.5,9.8,4.0,-4.1,7.0,1.4,17.6,3.35,5.09
"2017-03-04","Scandia",22.3,2.0,40.4,0,4.2,12.5,6.9,-3.3,9.7,2.4,18.7,5.13,8.03
"2017-03-05","Scandia",23.4,9.9,68.5,0,5.3,11.1,10.3,3.0,12.9,7.7,16.0,4.46,6.74
"2017-03-06","Scandia",26.9,2.8,47.7,0,8.4,16.9,11.2,3.2,13.9,9.1,15.7,8.86,14.36
"2017-03-07","Scandia",15.0,-3.3,29.1,0,5.0,17.0,5.9,-0.9,9.6,5.2,17.7,4.61,7.29
"2017-03-08","Scandia",19.4,-4.0,31.4,0,1.1,5.3,9.6,-2.5,11.7,3.5,19.0,2.73,3.85
"2017-03-09","Scandia",14.8,-3.5,44.5,0,3.1,11.7,7.7,-1.1,10.6,4.9,15.8,3.13,4.70
"2017-03-10","Scandia",2.3,-6.7,48.6,0,3.1,8.5,3.1,-3.2,6.9,3.1,14.9,1.76,2.53
"2017-03-11","Scandia",2.2,-5.2,58.7,0.76,1.8,6.6,1.7,-2.9,5.7,2.8,8.4,1.26,1.75
"2017-03-12","Scandia",6.4,-2.5,76.8,0,3.6,10.7,0.1,-3.0,4.7,2.6,7.1,1.38,1.97
"2017-03-13","Scandia",2.2,-7.5,54.3,0,4.7,12.9,1.1,-4.4,4.6,1.3,15.8,1.96,2.89
"2017-03-14","Scandia",-0.3,-6.9,71.9,0,2.0,5.3,-0.2,-4.3,3.8,1.2,9.3,1.00,1.31
"2017-03-15","Scandia",11.7,-3.4,53.8,0,3.1,9.3,3.6,-4.1,6.8,1.3,17.8,2.78,4.03
"2017-03-16","Scandia",21.5,-2.0,56.9,0,3.1,9.1,7.8,-2.9,10.2,2.7,18.7,3.88,5.68
"2017-03-17","Scandia",22.0,5.1,46.9,0,2.8,7.6,11.1,1.2,13.4,6.4,19.1,4.16,6.04
"2017-03-18","Scandia",19.4,-2.8,37.5,0,1.9,7.7,9.7,-0.5,12.3,5.5,21.2,3.64,5.24
"2017-03-19","Scandia",30.7,8.0,42.2,0,2.7,9.3,14.0,2.6,16.0,7.7,20.2,5.72,8.51
"2017-03-20","Scandia",21.9,7.4,51.6,0,3.6,9.2,12.1,4.4,14.7,9.4,19.7,4.39,6.35
"2017-03-21","Scandia",14.0,1.7,48.9,0,4.5,13.0,10.0,3.3,12.8,8.6,19.6,3.93,5.87
"2017-03-22","Scandia",12.6,1.0,41.8,0,3.3,8.5,6.8,1.5,10.3,7.0,13.1,3.17,4.74
"2017-03-23","Scandia",22.9,8.5,59.7,0,4.9,12.1,10.4,4.4,13.5,9.2,8.1,4.00,6.17
"2017-03-24","Scandia",19.4,4.4,78.6,0,4.3,11.9,9.4,4.4,13.2,9.6,7.8,3.00,4.53
"2017-03-25","Scandia",5.0,3.1,91.2,0.76,3.7,9.4,4.4,2.0,9.6,7.3,3.4,0.72,0.91
"2017-03-26","Scandia",10.5,3.5,90.5,5.33,1.4,4.8,7.1,1.8,10.7,7.0,7.7,1.23,1.45
"2017-03-27","Scandia",11.9,3.9,87.1,0,1.6,5.2,7.7,2.7,11.2,8.0,7.5,1.35,1.66
"2017-03-28","Scandia",12.8,3.5,82.5,8.38,2.3,8.0,7.1,0.9,10.7,6.7,9.9,1.80,2.37
"2017-03-29","Scandia",7.6,4.0,93.3,19.05,5.7,12.7,3.4,1.3,8.4,6.9,3.2,0.73,0.96
"2017-03-30","Scandia",7.2,3.4,87.7,0.76,4.4,11.4,2.5,0.5,7.3,5.9,4.5,1.00,1.36
"2017-03-31","Scandia",8.8,4.6,83.8,0,2.2,6.9,4.5,1.1,8.7,6.3,7.2,1.29,1.63
"2017-04-01","Scandia",7.5,5.1,89.5,8.38,2.0,8.1,3.7,1.8,8.4,7.1,4.4,0.89,1.06
"2017-04-02","Scandia",13.4,5.0,87.9,0.25,1.2,4.6,9.3,1.7,12.2,6.9,11.6,1.70,1.96
"2017-04-03","Scandia",18.4,6.3,77.0,0,3.5,10.6,9.5,3.8,13.1,8.9,15.8,3.17,4.36
"2017-04-04","Scandia",12.4,4.7,71.2,0,3.5,8.5,5.5,2.5,9.7,7.9,5.6,1.91,2.77
"2017-04-05","Scandia",15.4,1.3,58.5,0,4.5,10.6,7.4,1.5,11.0,7.1,19.5,3.90,5.68
"2017-04-06","Scandia",16.2,0.1,57.9,0,2.2,7.7,9.4,-0.9,12.4,5.0,25.2,3.69,4.92
"2017-04-07","Scandia",19.1,-0.7,53.4,0,3.4,11.2,8.1,-0.7,11.6,5.3,22.3,4.24,6.04
"2017-04-08","Scandia",23.8,9.3,63.1,0,2.8,7.4,11.5,3.4,14.6,8.5,18.3,4.22,5.82
"2017-04-09","Scandia",25.7,8.9,64.4,0,3.9,10.3,14.2,7.7,16.8,12.5,16.5,5.24,7.74
"2017-04-10","Scandia",13.1,-0.4,58.9,0,4.8,13.1,10.9,3.3,13.7,9.2,23.6,3.43,4.79
"2017-04-11","Scandia",19.8,-3.8,58.3,0,1.6,6.8,13.1,0,14.9,5.9,25.2,3.79,5.00
"2017-04-12","Scandia",18.3,8.1,74.5,7.62,3.1,9.4,9.0,4.3,12.5,9.3,3.6,2.03,2.99
"2017-04-13","Scandia",23.8,10.5,75.1,0.25,1.7,7.6,16.4,6.4,18.2,11.1,18.6,3.58,4.46
"2017-04-14","Scandia",25.4,14.1,74.1,0,4.9,13.1,16.3,10.0,18.2,13.9,15.1,4.28,6.05
"2017-04-15","Scandia",28.0,15.0,63.2,0,3.6,10.4,20.3,10.9,21.1,14.5,21.4,5.53,7.65
"2017-04-16","Scandia",15.8,6.2,67.8,1.02,2.2,7.5,14.1,8.3,17.3,12.4,8.3,2.35,3.26
"2017-04-17","Scandia",22.6,4.6,67.4,0,2.2,7.6,18.2,6.7,18.9,10.6,24.6,4.24,5.45
"2017-04-18","Scandia",25.6,13.5,72.5,0.51,2.9,9.7,19.5,10.3,20.1,14.0,16.8,4.13,5.54
"2017-04-19","Scandia",30.1,10.4,70.4,0,4.3,14.0,21.8,13.8,21.8,16.1,22.1,6.18,8.81
"2017-04-20","Scandia",22.3,9.6,53.9,0,3.3,9.0,20.6,11.4,20.4,13.9,27.3,5.53,7.60
"2017-04-21","Scandia",12.1,7.0,66.1,1.02,3.4,9.6,13.7,9.2,15.9,12.1,11.6,2.59,3.59
"2017-04-22","Scandia",18.9,4.2,50.9,0,2.2,8.0,17.4,7.0,17.8,10.3,25.6,4.44,5.93
"2017-04-23","Scandia",21.3,-0.6,47.1,0,2.9,9.5,16.9,5.7,17.4,9.5,26.8,5.14,7.22
"2017-04-24","Scandia",26.3,9.7,42.6,0,4.7,14.8,18.7,8.8,19.1,11.9,24.7,6.86,10.03
"2017-04-25","Scandia",14.2,4.2,70.2,0,4.2,9.4,12.7,8.0,15.4,11.4,8.3,2.42,3.50
"2017-04-26","Scandia",10.9,-0.6,62.9,0,4.0,10.5,12.2,6.0,14.2,9.7,17.8,2.84,3.94
"2017-04-27","Scandia",14.7,-4.4,72.3,5.59,1.5,6.8,13.0,3.0,14.5,7.4,17.0,2.61,3.35
"2017-04-28","Scandia",8.5,3.9,92.1,12.70,3.8,9.5,7.2,4.3,11.0,8.5,5.0,0.96,1.21
"2017-04-29","Scandia",5.5,3.3,89.9,8.13,5.6,12.1,4.3,2.6,8.6,7.1,3.2,0.84,1.14
"2017-04-30","Scandia",5.0,1.5,92.3,13.72,6.3,16.2,3.9,1.4,7.6,5.8,7.5,0.90,1.14
"2017-05-01","Scandia",19.4,0.6,64.6,1.78,5.4,13.1,10.6,0.5,12.8,5.1,27.9,5.43,7.82
"2017-05-02","Scandia",13.7,5.4,70.2,0,2.0,5.5,8.4,3.0,11.8,7.9,8.9,2.02,2.64
"2017-05-03","Scandia",19.1,5.8,80.5,1.52,1.7,10.4,12.8,4.3,14.7,8.9,18.3,3.37,4.28
"2017-05-04","Scandia",20.7,5.2,60.1,0,2.5,8.0,13.9,3.8,16.0,8.8,27.3,4.85,6.38
"2017-05-05","Scandia",25.0,4.1,50.9,0,1.2,5.7,18.0,4.1,19.0,9.0,28.9,4.86,6.01
"2017-05-06","Scandia",29.0,8.7,47.4,0,1.3,4.8,21.2,7.6,21.4,11.6,29.1,5.58,7.02
"2017-05-07","Scandia",29.9,10.9,50.0,0,3.6,10.1,18.8,10.6,19.4,13.4,25.9,7.04,9.95
"2017-05-08","Scandia",31.1,15.6,51.5,0,3.8,10.2,22.3,13.1,22.1,15.1,28.3,7.81,10.96
"2017-05-09","Scandia",28.4,14.5,63.1,2.79,2.0,8.1,24.2,14.3,23.5,15.9,24.7,5.32,6.67
"2017-05-10","Scandia",24.0,13.3,78.9,4.57,2.7,8.4,21.6,14.7,22.0,17.0,21.3,4.14,5.12
"2017-05-11","Scandia",19.8,9.6,71.6,6.86,3.1,13.6,19.4,12.3,19.3,14.4,17.7,3.76,4.99
"2017-05-12","Scandia",23.3,5.4,50.5,0,2.1,9.6,19.8,9.8,19.4,11.8,29.5,5.32,6.89
"2017-05-13","Scandia",25.0,5.7,54.7,0,3.1,10.5,19.4,10.0,19.1,11.9,30.4,6.07,8.18
"2017-05-14","Scandia",30.8,14.9,51.8,0,3.4,11.1,24.1,12.9,23.3,14.5,29.7,7.43,10.09
"2017-05-15","Scandia",31.4,18.0,61.1,0,3.6,9.7,23.7,16.0,23.6,17.6,24.3,6.74,9.17
"2017-05-16","Scandia",30.9,15.1,66.7,15.75,4.3,12.2,24.7,16.2,24.5,18.7,22.4,6.40,8.88
"2017-05-17","Scandia",20.9,12.5,80.6,14.73,3.1,11.9,18.8,13.7,19.7,16.3,12.6,3.13,4.16
"2017-05-18","Scandia",18.0,10.1,82.2,26.67,3.8,10.8,16.2,11.9,17.1,14.0,12.0,2.51,3.26
"2017-05-19","Scandia",12.5,9.4,93.5,25.15,4.1,15.1,13.4,11.0,14.5,12.5,4.3,1.02,1.27
"2017-05-20","Scandia",9.9,4.7,82.0,1.27,4.6,9.2,12.2,7.8,13.0,9.8,11.4,1.92,2.55
"2017-05-21","Scandia",22.4,2.5,61.9,0,1.9,8.6,20.0,6.2,19.4,7.8,31.0,5.13,6.49
"2017-05-22","Scandia",20.8,11.4,83.1,12.95,2.3,9.5,19.5,12.3,19.1,13.7,14.5,3.37,4.39
"2017-05-23","Scandia",16.6,8.4,71.0,1.52,3.6,10.8,16.0,10.2,16.4,12.2,19.8,3.62,4.76
"2017-05-24","Scandia",19.6,5.4,65.4,0,1.9,6.2,22.4,8.4,21.4,10.2,30.4,4.66,5.64
"2017-05-25","Scandia",25.4,9.7,60.8,1.78,3.0,9.0,19.7,10.4,19.8,12.3,28.7,5.71,7.39
"2017-05-26","Scandia",27.5,13.4,60.9,0,2.0,7.4,23.5,13.3,23.3,15.3,30.2,6.06,7.53
"2017-05-27","Scandia",24.0,13.5,72.3,11.94,2.4,16.7,22.1,13.7,22.0,15.7,20.5,4.27,5.32
"2017-05-28","Scandia",27.6,10.7,58.7,0.25,2.3,9.6,22.3,12.1,22.0,14.5,27.0,6.04,7.98
"2017-05-29","Scandia",26.4,11.4,48.9,0,2.2,7.8,22.9,11.9,22.6,14.2,30.3,6.29,8.21
"2017-05-30","Scandia",27.5,9.1,51.3,0,1.0,5.8,24.6,11.4,24.1,13.8,31.2,5.49,6.47
"2017-05-31","Scandia",25.2,11.2,51.3,1.52,1.7,7.2,21.4,12.4,21.8,15.1,24.6,5.07,6.41
"2017-06-01","Scandia",26.9,16.2,79.2,3.56,2.5,6.6,22.6,14.9,23.1,17.1,19.6,4.35,5.35
"2017-06-02","Scandia",29.7,16.2,62.8,0,2.4,7.2,24.1,15.4,24.7,17.8,30.2,6.60,8.30
"2017-06-03","Scandia",28.3,16.1,67.6,0,1.3,4.7,26.0,15.3,25.7,18.0,23.6,4.85,5.66
"2017-06-04","Scandia",31.6,16.1,61.1,0,0.8,4.3,29.7,16.1,29.4,18.9,29.1,5.68,6.44
"2017-06-05","Scandia",33.0,16.6,58.1,13.72,1.0,13.5,30.0,17.7,29.6,20.3,24.8,5.38,6.34
"2017-06-06","Scandia",25.0,18.5,73.7,1.78,1.1,7.3,21.8,18.1,23.2,20.9,12.3,2.96,3.49
"2017-06-07","Scandia",28.2,16.7,53.1,0,1.2,4.9,25.9,17.1,26.5,19.5,30.1,5.86,6.86
"2017-06-08","Scandia",28.7,13.3,61.1,0,1.8,6.3,24.7,14.9,25.2,17.7,29.7,5.99,7.31
"2017-06-09","Scandia",30.7,14.6,60.5,0,2.6,8.3,24.7,15.3,25.4,18.1,28.7,6.58,8.44
"2017-06-10","Scandia",31.9,19.2,65.9,0,4.4,10.3,26.6,17.4,27.2,20.0,26.0,6.94,9.27
"2017-06-11","Scandia",33.6,21.8,59.0,0,4.7,11.3,28.2,19.0,28.8,21.7,28.0,8.15,11.10
"2017-06-12","Scandia",33.9,20.7,64.0,4.06,3.4,10.0,26.6,19.0,27.9,22.3,23.3,6.78,9.04
"2017-06-13","Scandia",34.3,19.8,55.1,0,4.8,12.6,29.3,19.4,30.3,22.3,29.3,8.86,12.33
"2017-06-14","Scandia",32.8,17.5,58.4,1.27,1.5,7.6,32.3,18.3,32.6,21.6,29.7,6.70,8.36
"2017-06-15","Scandia",35.9,13.5,58.3,0,1.2,7.0,32.3,17.5,32.1,21.0,25.1,5.97,7.50
"2017-06-16","Scandia",34.3,17.3,59.6,0,2.6,8.5,32.0,18.7,32.0,21.7,29.2,7.26,9.32
"2017-06-17","Scandia",30.5,18.9,70.7,0,2.4,8.5,32.2,20.8,32.6,23.9,25.5,5.72,6.93
"2017-06-18","Scandia",29.0,15.6,53.1,0.51,1.9,6.9,31.9,18.9,32.1,22.1,31.3,6.62,8.29
"2017-06-19","Scandia",31.7,16.5,48.0,0,1.5,6.8,33.6,20.3,33.3,23.1,29.8,6.48,8.01
"2017-06-20","Scandia",36.6,13.9,52.9,0,1.3,8.9,35.0,19.4,34.8,22.4,30.1,6.89,8.60
"2017-06-21","Scandia",35.3,21.9,45.8,0,3.9,10.1,32.9,22.7,33.4,25.2,30.1,8.80,11.93
"2017-06-22","Scandia",36.7,21.8,48.6,0,3.6,9.8,33.8,23.3,34.3,25.7,29.4,9.13,12.59
"2017-06-23","Scandia",26.1,13.3,53.3,0,2.9,8.9,31.8,22.1,31.9,24.6,26.4,6.01,7.94
"2017-06-24","Scandia",25.8,8.5,56.3,0,0.9,5.4,27.8,18.4,27.9,21.2,19.1,3.93,4.80
"2017-06-25","Scandia",20.1,9.8,71.1,2.54,1.2,5.7,23.2,17.8,23.8,20.2,13.3,2.83,3.44
"2017-06-26","Scandia",26.5,11.4,73.8,0,1.6,6.7,27.9,16.6,27.2,18.5,20.8,4.33,5.26
"2017-06-27","Scandia",30.7,12.8,73.1,0,3.2,10.0,29.0,17.7,28.8,19.6,27.3,5.90,7.42
"2017-06-28","Scandia",34.1,19.9,59.7,11.18,3.6,11.7,32.9,21.8,32.7,23.5,27.6,7.64,10.18
"2017-06-29","Scandia",29.6,15.7,75.1,40.64,2.3,12.0,28.4,17.7,28.5,19.6,26.7,5.75,7.05
"2017-06-30","Scandia",23.6,15.0,76.4,0.25,1.5,6.0,23.4,18.5,24.2,20.8,15.7,3.48,4.21
"2017-07-01","Scandia",30.4,12.3,64.8,0,1.4,5.4,27.8,16.3,27.6,18.2,30.9,6.16,7.43
"2017-07-02","Scandia",31.1,18.4,61.2,0,1.7,6.0,28.9,18.5,28.4,20.2,26.6,6.01,7.35
"2017-07-03","Scandia",31.3,18.4,64.1,0,1.6,8.9,29.0,19.4,28.9,21.2,27.8,6.05,7.23
"2017-07-04","Scandia",30.6,19.8,71.6,0,1.6,5.0,29.0,20.4,29.3,22.3,29.1,6.10,7.08
"2017-07-05","Scandia",31.1,15.2,67.0,0,0.8,4.3,31.9,19.0,31.4,21.2,30.8,5.83,6.50
"2017-07-06","Scandia",34.8,16.3,65.3,0,1.3,6.1,34.1,19.7,33.5,21.8,29.3,6.40,7.61
"2017-07-07","Scandia",29.1,15.6,64.5,0,1.9,8.3,31.2,22.0,30.9,24.4,24.0,5.53,6.98
"2017-07-08","Scandia",32.2,13.8,63.2,0,1.2,4.7,33.5,19.3,33.1,21.4,30.1,6.07,7.13
"2017-07-09","Scandia",34.6,19.6,59.4,0,2.2,7.5,34.5,22.1,34.1,24.1,29.1,7.13,8.95
"2017-07-10","Scandia",36.7,20.9,57.6,0,1.7,5.5,36.4,23.2,36.0,25.2,28.7,7.11,8.82
"2017-07-11","Scandia",37.2,21.5,56.5,0,2.1,6.6,36.5,24.6,36.1,26.4,28.8,7.52,9.56
"2017-07-12","Scandia",33.1,21.9,54.6,10.92,2.4,6.9,33.9,25.6,33.8,27.1,22.4,5.98,7.62
"2017-07-13","Scandia",27.7,20.3,81.7,1.02,2.1,7.9,27.4,23.0,28.6,24.8,15.3,3.65,4.38
"2017-07-14","Scandia",32.4,21.0,73.5,0,1.2,6.0,32.2,22.6,31.7,23.9,27.9,5.94,6.73
"2017-07-15","Scandia",33.3,21.0,69.9,0,0.6,3.9,35.2,22.8,34.4,24.2,29.1,5.91,6.42
"2017-07-16","Scandia",34.1,19.8,63.9,0,1.2,4.7,36.0,23.5,35.4,24.9,28.9,6.29,7.35
"2017-07-17","Scandia",34.5,18.4,62.6,0.51,1.8,10.5,35.5,23.3,35.0,24.8,28.4,6.63,8.15
"2017-07-18","Scandia",34.1,20.0,71.5,26.42,2.7,9.1,30.1,22.8,29.9,24.5,24.1,6.07,7.60
"2017-07-19","Scandia",35.3,22.8,61.1,0,2.1,6.9,30.7,23.1,30.6,24.3,28.8,7.17,8.89
"2017-07-20","Scandia",37.0,21.5,57.4,0,1.4,5.6,32.4,22.5,31.8,23.8,28.1,6.73,8.10
"2017-07-21","Scandia",36.7,24.9,50.7,0,2.3,7.7,34.0,23.0,33.3,24.3,29.0,7.94,10.31
"2017-07-22","Scandia",34.7,20.2,66.9,0,1.8,7.9,35.5,23.1,34.5,24.5,23.3,5.83,7.18
"2017-07-23","Scandia",33.0,17.3,71.2,0,1.4,4.9,36.5,22.3,35.4,23.7,28.4,6.05,7.13
"2017-07-24","Scandia",33.1,18.7,65.6,0,1.8,6.4,35.1,23.2,34.4,24.6,28.1,6.30,7.62
"2017-07-25","Scandia",34.6,20.6,60.8,0,2.3,8.0,35.4,24.1,34.7,25.5,29.1,7.24,9.21
"2017-07-26","Scandia",29.3,22.2,82.1,17.53,2.1,7.6,30.1,23.9,29.9,25.6,11.7,3.24,4.01
"2017-07-27","Scandia",28.0,18.5,77.9,0,2.2,6.6,30.1,22.6,29.7,24.4,23.4,5.01,6.06
"2017-07-28","Scandia",29.5,16.8,70.1,0,1.3,4.5,30.9,20.6,30.1,21.8,27.3,5.44,6.33
"2017-07-29","Scandia",28.2,18.7,69.5,0,1.3,5.5,30.2,21.8,29.3,22.7,19.2,4.30,5.13
"2017-07-30","Scandia",26.9,18.3,69.9,0.25,1.0,3.5,28.3,21.7,27.7,22.6,14.9,3.41,4.01
"2017-07-31","Scandia",25.1,16.7,80.4,0,1.4,5.2,29.5,21.7,28.5,22.4,15.8,3.35,3.91
"2017-08-01","Scandia",29.5,13.9,76.2,0,0.7,4.3,34.3,19.8,32.7,20.7,27.6,4.98,5.42
"2017-08-02","Scandia",30.3,16.0,73.0,0,0.7,3.5,33.1,21.9,32.0,22.9,23.2,4.54,5.06
"2017-08-03","Scandia",23.6,14.5,75.8,21.08,2.3,12.0,25.7,19.4,26.6,20.9,21.7,4.24,5.19
"2017-08-04","Scandia",24.2,9.6,62.8,0,1.5,5.3,26.5,16.9,25.3,17.6,28.5,4.97,6.01
"2017-08-05","Scandia",26.2,14.3,77.0,3.30,2.5,7.0,26.6,18.3,25.2,18.5,17.9,3.87,4.80
"2017-08-06","Scandia",21.3,15.8,86.8,0,1.3,4.6,23.7,20.0,23.0,20.1,8.7,1.97,2.26
"2017-08-07","Scandia",25.1,14.9,81.3,0,1.0,4.9,26.2,19.3,25.0,19.2,16.4,3.31,3.80
"2017-08-08","Scandia",28.0,12.6,71.2,0,1.0,4.3,29.4,18.0,27.7,18.2,27.2,4.93,5.71